{
    "name": "# Cold Defiance | 3v3 | R575M146",
    "description": "",
    "creator": "gb6",
    "version": "",
    "planets": [
        {
            "name": "Defiance",
            "mass": 10000,
            "position_x": 12800,
            "position_y": 400,
            "velocity_x": -6.171812534332275,
            "velocity_y": 197.4977264404297,
            "required_thrust_to_move": 0,
            "starting_planet": true,
            "respawn": false,
            "start_destroyed": false,
            "min_spawn_delay": 0,
            "max_spawn_delay": 0,
            "planet": {
                "seed": 814615040,
                "radius": 575,
                "heightRange": 0,
                "waterHeight": 0,
                "waterDepth": 0,
                "temperature": 0,
                "metalDensity": 0,
                "metalClusters": 0,
                "metalSpotLimit": -1,
                "biomeScale": 50,
                "biome": "arctic",
                "symmetryType": "terrain and CSG",
                "symmetricalMetal": false,
                "symmetricalStarts": false,
                "numArmies": 2,
                "landingZonesPerArmy": 0,
                "landingZoneSize": 50,
                "heightAdjustments": []
            },
            "planetCSG": [
                {
                    "spec": "/pa/terrain/ice/brushes/ice_cliff_01.json",
                    "proj": "BP_Bend",
                    "op": "BO_Add",
                    "position": [
                        -263.28271484375,
                        -481.00201416015625,
                        174.80421447753906
                    ],
                    "height": 575.5322265625,
                    "transform": [
                        -0.27968811988830566,
                        0.8441002368927002,
                        -0.4574596583843231,
                        -263.28277587890625,
                        -0.18899492919445038,
                        -0.5155577063560486,
                        -0.8357518315315247,
                        -481.0021057128906,
                        -0.9413051605224609,
                        -0.1472923457622528,
                        0.30372607707977295,
                        174.80413818359375
                    ],
                    "scale": [
                        1,
                        1,
                        1
                    ],
                    "rotation": 4.056354522705078,
                    "weight": [
                        1,
                        1,
                        1,
                        1
                    ],
                    "weightHard": false,
                    "weightScale": [
                        4,
                        4,
                        4
                    ],
                    "mirrored": false,
                    "twinId": 51,
                    "flooded": false,
                    "pathable": false,
                    "mergeable": false,
                    "no_features": false
                },
                {
                    "spec": "/pa/terrain/ice/brushes/ice_cliff_01.json",
                    "proj": "BP_Bend",
                    "op": "BO_Add",
                    "position": [
                        391.8096008300781,
                        -391.8096008300781,
                        149.6464385986328
                    ],
                    "height": 573.954345703125,
                    "transform": [
                        0.003614276647567749,
                        0.7307370901107788,
                        0.6826494336128235,
                        391.8096008300781,
                        -0.3536396026611328,
                        0.6394753456115723,
                        -0.6826494336128235,
                        -391.8096008300781,
                        -0.9353747367858887,
                        -0.2389446198940277,
                        0.2607288360595703,
                        149.64645385742188
                    ],
                    "scale": [
                        1,
                        1,
                        1
                    ],
                    "rotation": 5.247682571411133,
                    "weight": [
                        1,
                        1,
                        1,
                        1
                    ],
                    "weightHard": false,
                    "weightScale": [
                        4,
                        4,
                        4
                    ],
                    "mirrored": false,
                    "twinId": 195,
                    "flooded": false,
                    "pathable": false,
                    "mergeable": false,
                    "no_features": false
                },
                {
                    "spec": "/pa/terrain/ice/brushes/ice_cliff_02.json",
                    "proj": "BP_Bend",
                    "op": "BO_Add",
                    "position": [
                        391.8096008300781,
                        -391.8096008300781,
                        149.6464385986328
                    ],
                    "height": 573.954345703125,
                    "transform": [
                        -0.6253372430801392,
                        0.3780782222747803,
                        0.6826494336128235,
                        391.8096008300781,
                        -0.730331301689148,
                        0.024616390466690063,
                        -0.6826494336128235,
                        -391.8096008300781,
                        -0.27489930391311646,
                        -0.9254463315010071,
                        0.2607288360595703,
                        149.64645385742188
                    ],
                    "scale": [
                        1,
                        1,
                        1
                    ],
                    "rotation": 4.215734481811523,
                    "weight": [
                        1,
                        1,
                        1,
                        1
                    ],
                    "weightHard": false,
                    "weightScale": [
                        4,
                        4,
                        4
                    ],
                    "mirrored": false,
                    "twinId": 196,
                    "flooded": false,
                    "pathable": false,
                    "mergeable": false,
                    "no_features": false
                },
                {
                    "spec": "/pa/terrain/ice/brushes/ice_cliff_03.json",
                    "proj": "BP_Bend",
                    "op": "BO_Add",
                    "position": [
                        -308.4315490722656,
                        -463.7076110839844,
                        146.8955535888672
                    ],
                    "height": 575.9627685546875,
                    "transform": [
                        0.5016240477561951,
                        -0.679416298866272,
                        -0.535506010055542,
                        -308.4315185546875,
                        -0.06027109920978546,
                        0.5900689959526062,
                        -0.8050999045372009,
                        -463.70758056640625,
                        0.8629834651947021,
                        0.4361329972743988,
                        0.255043625831604,
                        146.8956298828125
                    ],
                    "scale": [
                        1,
                        1,
                        1
                    ],
                    "rotation": 0.5159088969230652,
                    "weight": [
                        1,
                        1,
                        1,
                        1
                    ],
                    "weightHard": false,
                    "weightScale": [
                        5,
                        5,
                        5
                    ],
                    "mirrored": false,
                    "twinId": 212,
                    "flooded": false,
                    "pathable": false,
                    "mergeable": false,
                    "no_features": false
                },
                {
                    "spec": "/pa/terrain/ice/brushes/ice_crack_01.json",
                    "proj": "BP_Bend",
                    "op": "BO_Subtract",
                    "position": [
                        237.4603271484375,
                        446.949951171875,
                        274.06591796875
                    ],
                    "height": 575.5552368164062,
                    "transform": [
                        -0.17069792747497559,
                        -0.8947865962982178,
                        0.4125761091709137,
                        237.46034240722656,
                        0.5793889760971069,
                        0.24753083288669586,
                        0.7765544652938843,
                        446.9499816894531,
                        -0.79697585105896,
                        0.3715983033180237,
                        0.47617655992507935,
                        274.06591796875
                    ],
                    "scale": [
                        1,
                        1,
                        1
                    ],
                    "rotation": 1.5187242031097412,
                    "weight": [
                        2,
                        2,
                        2,
                        2
                    ],
                    "weightHard": true,
                    "weightScale": [
                        1,
                        1,
                        1
                    ],
                    "mirrored": false,
                    "twinId": 238,
                    "flooded": false,
                    "pathable": false,
                    "mergeable": false,
                    "no_features": true
                },
                {
                    "spec": "/pa/terrain/ice/brushes/ice_cliff_01.json",
                    "proj": "BP_Bend",
                    "op": "BO_Add",
                    "position": [
                        -263.28271484375,
                        -481.00201416015625,
                        174.80421447753906
                    ],
                    "height": 575.5322265625,
                    "transform": [
                        -0.27968811988830566,
                        0.8441002368927002,
                        -0.4574596583843231,
                        -263.28277587890625,
                        -0.18899492919445038,
                        -0.5155577063560486,
                        -0.8357518315315247,
                        -481.0021057128906,
                        0.9413051605224609,
                        0.1472923457622528,
                        -0.30372607707977295,
                        -174.80413818359375
                    ],
                    "scale": [
                        1,
                        1,
                        1
                    ],
                    "rotation": 4.056354522705078,
                    "weight": [
                        1,
                        1,
                        1,
                        1
                    ],
                    "weightHard": false,
                    "weightScale": [
                        4,
                        4,
                        4
                    ],
                    "mirrored": true,
                    "twinId": 51,
                    "flooded": false,
                    "pathable": false,
                    "mergeable": false,
                    "no_features": false
                },
                {
                    "spec": "/pa/terrain/ice/brushes/ice_cliff_01.json",
                    "proj": "BP_Bend",
                    "op": "BO_Add",
                    "position": [
                        391.8096008300781,
                        -391.8096008300781,
                        149.6464385986328
                    ],
                    "height": 573.954345703125,
                    "transform": [
                        0.003614276647567749,
                        0.7307370901107788,
                        0.6826494336128235,
                        391.8096008300781,
                        -0.3536396026611328,
                        0.6394753456115723,
                        -0.6826494336128235,
                        -391.8096008300781,
                        0.9353747367858887,
                        0.2389446198940277,
                        -0.2607288360595703,
                        -149.64645385742188
                    ],
                    "scale": [
                        1,
                        1,
                        1
                    ],
                    "rotation": 5.247682571411133,
                    "weight": [
                        1,
                        1,
                        1,
                        1
                    ],
                    "weightHard": false,
                    "weightScale": [
                        4,
                        4,
                        4
                    ],
                    "mirrored": true,
                    "twinId": 195,
                    "flooded": false,
                    "pathable": false,
                    "mergeable": false,
                    "no_features": false
                },
                {
                    "spec": "/pa/terrain/ice/brushes/ice_cliff_02.json",
                    "proj": "BP_Bend",
                    "op": "BO_Add",
                    "position": [
                        391.8096008300781,
                        -391.8096008300781,
                        149.6464385986328
                    ],
                    "height": 573.954345703125,
                    "transform": [
                        -0.6253372430801392,
                        0.3780782222747803,
                        0.6826494336128235,
                        391.8096008300781,
                        -0.730331301689148,
                        0.024616390466690063,
                        -0.6826494336128235,
                        -391.8096008300781,
                        0.27489930391311646,
                        0.9254463315010071,
                        -0.2607288360595703,
                        -149.64645385742188
                    ],
                    "scale": [
                        1,
                        1,
                        1
                    ],
                    "rotation": 4.215734481811523,
                    "weight": [
                        1,
                        1,
                        1,
                        1
                    ],
                    "weightHard": false,
                    "weightScale": [
                        4,
                        4,
                        4
                    ],
                    "mirrored": true,
                    "twinId": 196,
                    "flooded": false,
                    "pathable": false,
                    "mergeable": false,
                    "no_features": false
                },
                {
                    "spec": "/pa/terrain/ice/brushes/ice_cliff_03.json",
                    "proj": "BP_Bend",
                    "op": "BO_Add",
                    "position": [
                        -308.4315490722656,
                        -463.7076110839844,
                        146.8955535888672
                    ],
                    "height": 575.9627685546875,
                    "transform": [
                        0.5016240477561951,
                        -0.679416298866272,
                        -0.535506010055542,
                        -308.4314880371094,
                        -0.06027109920978546,
                        0.5900689959526062,
                        -0.8050999045372009,
                        -463.7075500488281,
                        -0.8629834651947021,
                        -0.4361329972743988,
                        -0.255043625831604,
                        -146.89561462402344
                    ],
                    "scale": [
                        1,
                        1,
                        1
                    ],
                    "rotation": 0.5159088969230652,
                    "weight": [
                        1,
                        1,
                        1,
                        1
                    ],
                    "weightHard": false,
                    "weightScale": [
                        5,
                        5,
                        5
                    ],
                    "mirrored": true,
                    "twinId": 212,
                    "flooded": false,
                    "pathable": false,
                    "mergeable": false,
                    "no_features": false
                },
                {
                    "spec": "/pa/terrain/ice/brushes/ice_crack_01.json",
                    "proj": "BP_Bend",
                    "op": "BO_Subtract",
                    "position": [
                        237.4603271484375,
                        446.949951171875,
                        274.06591796875
                    ],
                    "height": 575.5552368164062,
                    "transform": [
                        -0.17069792747497559,
                        -0.8947865962982178,
                        0.4125761091709137,
                        237.46034240722656,
                        0.5793889760971069,
                        0.24753083288669586,
                        0.7765544652938843,
                        446.9499816894531,
                        0.79697585105896,
                        -0.3715983033180237,
                        -0.47617655992507935,
                        -274.06591796875
                    ],
                    "scale": [
                        1,
                        1,
                        1
                    ],
                    "rotation": 1.5187242031097412,
                    "weight": [
                        2,
                        2,
                        2,
                        2
                    ],
                    "weightHard": true,
                    "weightScale": [
                        1,
                        1,
                        1
                    ],
                    "mirrored": true,
                    "twinId": 238,
                    "flooded": false,
                    "pathable": false,
                    "mergeable": false,
                    "no_features": true
                },
                {
                    "spec": "/pa/terrain/lava/brushes/lava_metal_t2_medium_2_ramp.json",
                    "proj": "BP_Bend",
                    "op": "BO_Add",
                    "position": [
                        -22.71001434326172,
                        -13.605026245117188,
                        -569.97314453125
                    ],
                    "height": 570.5875854492188,
                    "transform": [
                        -0.4709944725036621,
                        -0.8812376260757446,
                        -0.03979770839214325,
                        -22.708078384399414,
                        -0.8812376260757446,
                        0.47207164764404297,
                        -0.0238418560475111,
                        -13.603867530822754,
                        0.03979770839214325,
                        0.0238418560475111,
                        -0.9989228248596191,
                        -569.9729614257812
                    ],
                    "scale": [
                        1,
                        1,
                        1
                    ],
                    "rotation": 0,
                    "weight": [
                        0,
                        0,
                        0,
                        0
                    ],
                    "weightHard": false,
                    "weightScale": [
                        1,
                        1,
                        1
                    ],
                    "mirrored": false,
                    "twinId": 241,
                    "flooded": false,
                    "pathable": true,
                    "mergeable": false,
                    "no_features": true
                },
                {
                    "spec": "/pa/terrain/lava/brushes/lava_metal_t2_medium_2_ramp.json",
                    "proj": "BP_Bend",
                    "op": "BO_Add",
                    "position": [
                        -22.71001434326172,
                        -13.605026245117188,
                        -569.97314453125
                    ],
                    "height": 570.5875854492188,
                    "transform": [
                        -0.4709944725036621,
                        -0.8812376260757446,
                        -0.03979770839214325,
                        -22.708078384399414,
                        -0.8812376260757446,
                        0.47207164764404297,
                        -0.0238418560475111,
                        -13.603867530822754,
                        -0.03979770839214325,
                        -0.0238418560475111,
                        0.9989228248596191,
                        569.9729614257812
                    ],
                    "scale": [
                        1,
                        1,
                        1
                    ],
                    "rotation": 0,
                    "weight": [
                        0,
                        0,
                        0,
                        0
                    ],
                    "weightHard": false,
                    "weightScale": [
                        1,
                        1,
                        1
                    ],
                    "mirrored": true,
                    "twinId": 241,
                    "flooded": false,
                    "pathable": true,
                    "mergeable": false,
                    "no_features": true
                },
                {
                    "spec": "/pa/terrain/lava/brushes/lava_metal_t2_medium_2_ramp.json",
                    "proj": "BP_Bend",
                    "op": "BO_Add",
                    "position": [
                        -273.92816162109375,
                        128.80767822265625,
                        -485.77154541015625
                    ],
                    "height": 572.3652954101562,
                    "transform": [
                        -0.4930838346481323,
                        -0.7265124320983887,
                        -0.4785896837711334,
                        -273.9281311035156,
                        -0.8686723709106445,
                        0.44131988286972046,
                        0.22504450380802155,
                        128.8076629638672,
                        0.04771353304386139,
                        0.5267034769058228,
                        -0.848708987236023,
                        -485.7715759277344
                    ],
                    "scale": [
                        1,
                        1,
                        1
                    ],
                    "rotation": -1.9199985265731812,
                    "weight": [
                        0,
                        0,
                        0,
                        0
                    ],
                    "weightHard": false,
                    "weightScale": [
                        1,
                        1,
                        1
                    ],
                    "mirrored": false,
                    "twinId": 244,
                    "flooded": false,
                    "pathable": true,
                    "mergeable": false,
                    "no_features": true
                },
                {
                    "spec": "/pa/terrain/lava/brushes/lava_metal_t2_medium_2_ramp.json",
                    "proj": "BP_Bend",
                    "op": "BO_Add",
                    "position": [
                        -273.92816162109375,
                        128.80767822265625,
                        -485.77154541015625
                    ],
                    "height": 572.3652954101562,
                    "transform": [
                        -0.4930838346481323,
                        -0.7265124320983887,
                        -0.4785896837711334,
                        -273.9281311035156,
                        -0.8686723709106445,
                        0.44131988286972046,
                        0.22504450380802155,
                        128.8076629638672,
                        -0.04771353304386139,
                        -0.5267034769058228,
                        0.848708987236023,
                        485.7715759277344
                    ],
                    "scale": [
                        1,
                        1,
                        1
                    ],
                    "rotation": -1.9199985265731812,
                    "weight": [
                        0,
                        0,
                        0,
                        0
                    ],
                    "weightHard": false,
                    "weightScale": [
                        1,
                        1,
                        1
                    ],
                    "mirrored": true,
                    "twinId": 244,
                    "flooded": false,
                    "pathable": true,
                    "mergeable": false,
                    "no_features": true
                },
                {
                    "spec": "/pa/terrain/lava/brushes/lava_metal_t2_medium_2_ramp.json",
                    "proj": "BP_Bend",
                    "op": "BO_Add",
                    "position": [
                        234.37525939941406,
                        -143.56515502929688,
                        -503.22186279296875
                    ],
                    "height": 573.3890380859375,
                    "transform": [
                        0.4440554976463318,
                        0.7973295450210571,
                        0.4087543785572052,
                        234.37527465820312,
                        0.8946895003318787,
                        -0.3699195384979248,
                        -0.2503800392150879,
                        -143.56517028808594,
                        -0.04842914640903473,
                        0.47689089179039,
                        -0.8776271343231201,
                        -503.2217712402344
                    ],
                    "scale": [
                        1,
                        1,
                        1
                    ],
                    "rotation": 0.9199994206428528,
                    "weight": [
                        0,
                        0,
                        0,
                        0
                    ],
                    "weightHard": false,
                    "weightScale": [
                        1,
                        1,
                        1
                    ],
                    "mirrored": false,
                    "twinId": 245,
                    "flooded": false,
                    "pathable": true,
                    "mergeable": false,
                    "no_features": true
                },
                {
                    "spec": "/pa/terrain/lava/brushes/lava_metal_t2_medium_2_ramp.json",
                    "proj": "BP_Bend",
                    "op": "BO_Add",
                    "position": [
                        234.37525939941406,
                        -143.56515502929688,
                        -503.22186279296875
                    ],
                    "height": 573.3890380859375,
                    "transform": [
                        0.4440554976463318,
                        0.7973295450210571,
                        0.4087543785572052,
                        234.37527465820312,
                        0.8946895003318787,
                        -0.3699195384979248,
                        -0.2503800392150879,
                        -143.56517028808594,
                        0.04842914640903473,
                        -0.47689089179039,
                        0.8776271343231201,
                        503.2217712402344
                    ],
                    "scale": [
                        1,
                        1,
                        1
                    ],
                    "rotation": 0.9199994206428528,
                    "weight": [
                        0,
                        0,
                        0,
                        0
                    ],
                    "weightHard": false,
                    "weightScale": [
                        1,
                        1,
                        1
                    ],
                    "mirrored": true,
                    "twinId": 245,
                    "flooded": false,
                    "pathable": true,
                    "mergeable": false,
                    "no_features": true
                },
                {
                    "spec": "/pa/terrain/ice/brushes/ice_crack_01.json",
                    "proj": "BP_Bend",
                    "op": "BO_Subtract",
                    "position": [
                        -487.697998046875,
                        198.051025390625,
                        226.2288818359375
                    ],
                    "height": 572.9337158203125,
                    "transform": [
                        0.17853175103664398,
                        0.49349266290664673,
                        -0.8512294292449951,
                        -487.6980285644531,
                        -0.5167863965034485,
                        0.7832227945327759,
                        0.34567880630493164,
                        198.05104064941406,
                        0.8372922539710999,
                        0.37818917632102966,
                        0.3948603868484497,
                        226.2288360595703
                    ],
                    "scale": [
                        1,
                        1,
                        1
                    ],
                    "rotation": -0.8099995255470276,
                    "weight": [
                        0,
                        0,
                        0,
                        0
                    ],
                    "weightHard": false,
                    "weightScale": [
                        1,
                        1,
                        1
                    ],
                    "mirrored": false,
                    "twinId": 246,
                    "flooded": false,
                    "pathable": false,
                    "mergeable": false,
                    "no_features": true
                },
                {
                    "spec": "/pa/terrain/ice/brushes/ice_crack_01.json",
                    "proj": "BP_Bend",
                    "op": "BO_Subtract",
                    "position": [
                        -487.697998046875,
                        198.051025390625,
                        226.2288818359375
                    ],
                    "height": 572.9337158203125,
                    "transform": [
                        0.17853175103664398,
                        0.49349266290664673,
                        -0.8512294292449951,
                        -487.697998046875,
                        -0.5167863965034485,
                        0.7832227945327759,
                        0.34567880630493164,
                        198.05104064941406,
                        -0.8372922539710999,
                        -0.37818917632102966,
                        -0.3948603868484497,
                        -226.2288360595703
                    ],
                    "scale": [
                        1,
                        1,
                        1
                    ],
                    "rotation": -0.8099995255470276,
                    "weight": [
                        0,
                        0,
                        0,
                        0
                    ],
                    "weightHard": false,
                    "weightScale": [
                        1,
                        1,
                        1
                    ],
                    "mirrored": true,
                    "twinId": 246,
                    "flooded": false,
                    "pathable": false,
                    "mergeable": false,
                    "no_features": true
                },
                {
                    "spec": "/pa/terrain/ice/brushes/ice_crack_01.json",
                    "proj": "BP_Bend",
                    "op": "BO_Subtract",
                    "position": [
                        491.1767578125,
                        -252.16790771484375,
                        153.4293975830078
                    ],
                    "height": 573.0478515625,
                    "transform": [
                        0.1497681736946106,
                        0.49284571409225464,
                        0.8571304678916931,
                        491.1767883300781,
                        -0.28442835807800293,
                        0.8517389297485352,
                        -0.44004684686660767,
                        -252.16790771484375,
                        -0.9469265937805176,
                        -0.1778871715068817,
                        0.26774269342422485,
                        153.42938232421875
                    ],
                    "scale": [
                        1,
                        1,
                        1
                    ],
                    "rotation": -0.659999668598175,
                    "weight": [
                        0,
                        0,
                        0,
                        0
                    ],
                    "weightHard": false,
                    "weightScale": [
                        1,
                        1,
                        1
                    ],
                    "mirrored": false,
                    "twinId": 247,
                    "flooded": false,
                    "pathable": false,
                    "mergeable": false,
                    "no_features": true
                },
                {
                    "spec": "/pa/terrain/ice/brushes/ice_crack_01.json",
                    "proj": "BP_Bend",
                    "op": "BO_Subtract",
                    "position": [
                        491.1767578125,
                        -252.16790771484375,
                        153.4293975830078
                    ],
                    "height": 573.0478515625,
                    "transform": [
                        0.1497681736946106,
                        0.49284571409225464,
                        0.8571304678916931,
                        491.1767883300781,
                        -0.28442835807800293,
                        0.8517389297485352,
                        -0.44004684686660767,
                        -252.16790771484375,
                        0.9469265937805176,
                        0.1778871715068817,
                        -0.26774269342422485,
                        -153.42938232421875
                    ],
                    "scale": [
                        1,
                        1,
                        1
                    ],
                    "rotation": -0.659999668598175,
                    "weight": [
                        0,
                        0,
                        0,
                        0
                    ],
                    "weightHard": false,
                    "weightScale": [
                        1,
                        1,
                        1
                    ],
                    "mirrored": true,
                    "twinId": 247,
                    "flooded": false,
                    "pathable": false,
                    "mergeable": false,
                    "no_features": true
                },
                {
                    "spec": "/pa/terrain/ice/brushes/ice_crack_01.json",
                    "proj": "BP_Bend",
                    "op": "BO_Subtract",
                    "position": [
                        -87.505859375,
                        -543.142578125,
                        165.202392578125
                    ],
                    "height": 574.4153442382812,
                    "transform": [
                        0.12553539872169495,
                        -0.9803232550621033,
                        -0.15233899652957916,
                        -87.505859375,
                        0.2701281011104584,
                        0.1815277487039566,
                        -0.9455572366714478,
                        -543.142578125,
                        0.9546054601669312,
                        0.07754985988140106,
                        0.2876010537147522,
                        165.20245361328125
                    ],
                    "scale": [
                        1,
                        1,
                        1
                    ],
                    "rotation": 1.3299990892410278,
                    "weight": [
                        0,
                        0,
                        0,
                        0
                    ],
                    "weightHard": false,
                    "weightScale": [
                        1,
                        1,
                        1
                    ],
                    "mirrored": false,
                    "twinId": 248,
                    "flooded": false,
                    "pathable": false,
                    "mergeable": false,
                    "no_features": true
                },
                {
                    "spec": "/pa/terrain/ice/brushes/ice_crack_01.json",
                    "proj": "BP_Bend",
                    "op": "BO_Subtract",
                    "position": [
                        -87.505859375,
                        -543.142578125,
                        165.202392578125
                    ],
                    "height": 574.4153442382812,
                    "transform": [
                        0.12553539872169495,
                        -0.9803232550621033,
                        -0.15233899652957916,
                        -87.505859375,
                        0.2701281011104584,
                        0.1815277487039566,
                        -0.9455572366714478,
                        -543.142578125,
                        -0.9546054601669312,
                        -0.07754985988140106,
                        -0.2876010537147522,
                        -165.20245361328125
                    ],
                    "scale": [
                        1,
                        1,
                        1
                    ],
                    "rotation": 1.3299990892410278,
                    "weight": [
                        0,
                        0,
                        0,
                        0
                    ],
                    "weightHard": false,
                    "weightScale": [
                        1,
