{
    "name": "# Vengeance Cove | 4v4 | R800M168",
    "description": "",
    "creator": "gb6",
    "version": "",
    "planets": [
        {
            "name": "Vengeance",
            "mass": 10000,
            "position_x": 14380.9130859375,
            "position_y": -1337.7593994140625,
            "velocity_x": 17.233627319335938,
            "velocity_y": 185.26156616210938,
            "required_thrust_to_move": 0,
            "starting_planet": true,
            "respawn": false,
            "start_destroyed": false,
            "min_spawn_delay": 0,
            "max_spawn_delay": 0,
            "planet": {
                "seed": 1648159232,
                "radius": 800,
                "heightRange": 35,
                "waterHeight": 40,
                "waterDepth": 79,
                "temperature": 80,
                "metalDensity": 0,
                "metalClusters": 0,
                "metalSpotLimit": -1,
                "biomeScale": 50,
                "biome": "grass",
                "symmetryType": "terrain and CSG",
                "symmetricalMetal": true,
                "symmetricalStarts": false,
                "numArmies": 2,
                "landingZonesPerArmy": 0,
                "landingZoneSize": 50,
                "heightAdjustments": []
            },
            "planetCSG": [
                {
                    "spec": "/pa/terrain/desert/brushes/desert_plateau_08.json",
                    "proj": "BP_Bend",
                    "op": "BO_Add",
                    "position": [
                        -145.98333740234375,
                        777.1822509765625,
                        81.08670043945312
                    ],
                    "height": 794.92041015625,
                    "transform": [
                        0.9693962335586548,
                        0.16292765736579895,
                        -0.18364518880844116,
                        -145.98330688476562,
                        0.16292765736579895,
                        0.13260990381240845,
                        0.9776855707168579,
                        777.1821899414062,
                        0.18364518880844116,
                        -0.9776855707168579,
                        0.10200613737106323,
                        81.08676147460938
                    ],
                    "scale": [
                        1,
                        1,
                        1
                    ],
                    "rotation": 0,
                    "weight": [
                        0,
                        0,
                        0,
                        0
                    ],
                    "weightHard": false,
                    "weightScale": [
                        1,
                        1,
                        1
                    ],
                    "mirrored": false,
                    "twinId": 15,
                    "flooded": false,
                    "pathable": false,
                    "mergeable": false,
                    "no_features": false
                },
                {
                    "spec": "/pa/terrain/desert/brushes/desert_plateau_08.json",
                    "proj": "BP_Bend",
                    "op": "BO_Add",
                    "position": [
                        -145.98333740234375,
                        777.1822509765625,
                        81.08670043945312
                    ],
                    "height": 794.92041015625,
                    "transform": [
                        0.9693962335586548,
                        0.16292765736579895,
                        -0.18364518880844116,
                        -145.98330688476562,
                        0.16292765736579895,
                        0.13260990381240845,
                        0.9776855707168579,
                        777.1821899414062,
                        -0.18364518880844116,
                        0.9776855707168579,
                        -0.10200613737106323,
                        -81.08676147460938
                    ],
                    "scale": [
                        1,
                        1,
                        1
                    ],
                    "rotation": 0,
                    "weight": [
                        0,
                        0,
                        0,
                        0
                    ],
                    "weightHard": false,
                    "weightScale": [
                        1,
                        1,
                        1
                    ],
                    "mirrored": true,
                    "twinId": 15,
                    "flooded": false,
                    "pathable": false,
                    "mergeable": false,
                    "no_features": false
                },
                {
                    "spec": "/pa/terrain/desert/brushes/desert_plateau_08.json",
                    "proj": "BP_Bend",
                    "op": "BO_Add",
                    "position": [
                        150.21441650390625,
                        775.1174926757812,
                        54.110931396484375
                    ],
                    "height": 791.390869140625,
                    "transform": [
                        1.2851489782333374,
                        -0.23143288493156433,
                        0.189810648560524,
                        150.21441650390625,
                        -0.23143288493156433,
                        0.13578885793685913,
                        0.979436993598938,
                        775.1174926757812,
                        -0.25244811177253723,
                        -1.3026509284973145,
                        0.06837457418441772,
                        54.11101531982422
                    ],
                    "scale": [
                        1.3299996852874756,
                        1.3299996852874756,
                        1
                    ],
                    "rotation": 0,
                    "weight": [
                        0,
                        0,
                        0,
                        0
                    ],
                    "weightHard": false,
                    "weightScale": [
                        1,
                        1,
                        1
                    ],
                    "mirrored": false,
                    "twinId": 16,
                    "flooded": false,
                    "pathable": false,
                    "mergeable": false,
                    "no_features": false
                },
                {
                    "spec": "/pa/terrain/desert/brushes/desert_plateau_08.json",
                    "proj": "BP_Bend",
                    "op": "BO_Add",
                    "position": [
                        150.21441650390625,
                        775.1174926757812,
                        54.110931396484375
                    ],
                    "height": 791.390869140625,
                    "transform": [
                        1.2851489782333374,
                        -0.23143288493156433,
                        0.189810648560524,
                        150.21441650390625,
                        -0.23143288493156433,
                        0.13578885793685913,
                        0.979436993598938,
                        775.1174926757812,
                        0.25244811177253723,
                        1.3026509284973145,
                        -0.06837457418441772,
                        -54.11101531982422
                    ],
                    "scale": [
                        1.3299996852874756,
                        1.3299996852874756,
                        1
                    ],
                    "rotation": 0,
                    "weight": [
                        0,
                        0,
                        0,
                        0
                    ],
                    "weightHard": false,
                    "weightScale": [
                        1,
                        1,
                        1
                    ],
                    "mirrored": true,
                    "twinId": 16,
                    "flooded": false,
                    "pathable": false,
                    "mergeable": false,
                    "no_features": false
                },
                {
                    "spec": "/pa/terrain/desert/brushes/desert_plateau_08.json",
                    "proj": "BP_Bend",
                    "op": "BO_Add",
                    "position": [
                        716.7073974609375,
                        -327.56475830078125,
                        84.51428985595703
                    ],
                    "height": 792.5344848632812,
                    "transform": [
                        0.26100438833236694,
                        0.3377513885498047,
                        0.9043232202529907,
                        716.7073364257812,
                        0.3377513885498047,
                        0.8456337451934814,
                        -0.4133129119873047,
                        -327.5647277832031,
                        -0.9043232202529907,
                        0.4133129119873047,
                        0.10663813352584839,
                        84.51439666748047
                    ],
                    "scale": [
                        1,
                        1,
                        1
                    ],
                    "rotation": 0,
                    "weight": [
                        0,
                        0,
                        0,
                        0
                    ],
                    "weightHard": false,
                    "weightScale": [
                        1,
                        1,
                        1
                    ],
                    "mirrored": false,
                    "twinId": 21,
                    "flooded": false,
                    "pathable": false,
                    "mergeable": false,
                    "no_features": false
                },
                {
                    "spec": "/pa/terrain/desert/brushes/desert_plateau_08.json",
                    "proj": "BP_Bend",
                    "op": "BO_Add",
                    "position": [
                        716.7073974609375,
                        -327.56475830078125,
                        84.51428985595703
                    ],
                    "height": 792.5344848632812,
                    "transform": [
                        0.26100438833236694,
                        0.3377513885498047,
                        0.9043232202529907,
                        716.7073364257812,
                        0.3377513885498047,
                        0.8456337451934814,
                        -0.4133129119873047,
                        -327.5647277832031,
                        0.9043232202529907,
                        -0.4133129119873047,
                        -0.10663813352584839,
                        -84.51439666748047
                    ],
                    "scale": [
                        1,
                        1,
                        1
                    ],
                    "rotation": 0,
                    "weight": [
                        0,
                        0,
                        0,
                        0
                    ],
                    "weightHard": false,
                    "weightScale": [
                        1,
                        1,
                        1
                    ],
                    "mirrored": true,
                    "twinId": 21,
                    "flooded": false,
                    "pathable": false,
                    "mergeable": false,
                    "no_features": false
                },
                {
                    "spec": "/pa/terrain/desert/brushes/desert_plateau_08.json",
                    "proj": "BP_Bend",
                    "op": "BO_Add",
                    "position": [
                        438.87261962890625,
                        -643.2677001953125,
                        139.45497131347656
                    ],
                    "height": 791.10693359375,
                    "transform": [
                        0.7383646368980408,
                        0.38348618149757385,
                        0.5547575950622559,
                        438.8725891113281,
                        0.38348618149757385,
                        0.437913715839386,
                        -0.8131235837936401,
                        -643.2677001953125,
                        -0.5547575950622559,
                        0.8131235837936401,
                        0.17627835273742676,
                        139.4550323486328
                    ],
                    "scale": [
                        1,
                        1,
                        1
                    ],
                    "rotation": 0,
                    "weight": [
                        0,
                        0,
                        0,
                        0
                    ],
                    "weightHard": false,
                    "weightScale": [
                        1,
                        1,
                        1
                    ],
                    "mirrored": false,
                    "twinId": 22,
                    "flooded": false,
                    "pathable": false,
                    "mergeable": false,
                    "no_features": false
                },
                {
                    "spec": "/pa/terrain/desert/brushes/desert_plateau_08.json",
                    "proj": "BP_Bend",
                    "op": "BO_Add",
                    "position": [
                        438.87261962890625,
                        -643.2677001953125,
                        139.45497131347656
                    ],
                    "height": 791.10693359375,
                    "transform": [
                        0.7383646368980408,
                        0.38348618149757385,
                        0.5547575950622559,
                        438.8725891113281,
                        0.38348618149757385,
                        0.437913715839386,
                        -0.8131235837936401,
                        -643.2677001953125,
                        0.5547575950622559,
                        -0.8131235837936401,
                        -0.17627835273742676,
                        -139.4550323486328
                    ],
                    "scale": [
                        1,
                        1,
                        1
                    ],
                    "rotation": 0,
                    "weight": [
                        0,
                        0,
                        0,
                        0
                    ],
                    "weightHard": false,
                    "weightScale": [
                        1,
                        1,
                        1
                    ],
                    "mirrored": true,
                    "twinId": 22,
                    "flooded": false,
                    "pathable": false,
                    "mergeable": false,
                    "no_features": false
                },
                {
                    "spec": "/pa/terrain/desert/brushes/desert_plateau_08.json",
                    "proj": "BP_Bend",
                    "op": "BO_Add",
                    "position": [
                        231.49606323242188,
                        -766.563720703125,
                        88.24130249023438
                    ],
                    "height": 805.6033935546875,
                    "transform": [
                        0.9776412844657898,
                        -1.0265212059020996,
                        0.39942657947540283,
                        231.4960479736328,
                        0.41393834352493286,
                        -0.18922336399555206,
                        -1.3226399421691895,
                        -766.5636596679688,
                        1.031150460243225,
                        1.0492126941680908,
                        0.15225274860858917,
                        88.24127197265625
                    ],
                    "scale": [
                        1.4799995422363281,
                        1.4799995422363281,
                        1.3899996280670166
                    ],
                    "rotation": 1.06999933719635,
                    "weight": [
                        0,
                        0,
                        0,
                        0
                    ],
                    "weightHard": false,
                    "weightScale": [
                        1,
                        1,
                        1
                    ],
                    "mirrored": false,
                    "twinId": 23,
                    "flooded": false,
                    "pathable": false,
                    "mergeable": false,
                    "no_features": false
                },
                {
                    "spec": "/pa/terrain/desert/brushes/desert_plateau_08.json",
                    "proj": "BP_Bend",
                    "op": "BO_Add",
                    "position": [
                        231.49606323242188,
                        -766.563720703125,
                        88.24130249023438
                    ],
                    "height": 805.6033935546875,
                    "transform": [
                        0.9776412844657898,
                        -1.0265212059020996,
                        0.39942657947540283,
                        231.4960479736328,
                        0.41393834352493286,
                        -0.18922336399555206,
                        -1.3226399421691895,
                        -766.5636596679688,
                        -1.031150460243225,
                        -1.0492126941680908,
                        -0.15225274860858917,
                        -88.24127197265625
                    ],
                    "scale": [
                        1.4799995422363281,
                        1.4799995422363281,
                        1.3899996280670166
                    ],
                    "rotation": 1.06999933719635,
                    "weight": [
                        0,
                        0,
                        0,
                        0
                    ],
                    "weightHard": false,
                    "weightScale": [
                        1,
                        1,
                        1
                    ],
                    "mirrored": true,
                    "twinId": 23,
                    "flooded": false,
                    "pathable": false,
                    "mergeable": false,
                    "no_features": false
                },
                {
                    "spec": "/pa/terrain/desert/brushes/desert_plateau_08.json",
                    "proj": "BP_Bend",
                    "op": "BO_Add",
                    "position": [
                        -112.96766662597656,
                        -777.9688720703125,
                        129.2449951171875
                    ],
                    "height": 796.6815795898438,
                    "transform": [
                        1.5526654720306396,
                        -0.18824006617069244,
                        -0.14179778099060059,
                        -112.96768188476562,
                        -0.18824006617069244,
                        0.2836558222770691,
                        -0.9765118360519409,
                        -777.968994140625,
                        0.2240404188632965,
                        1.5428881645202637,
                        0.16222906112670898,
                        129.24490356445312
                    ],
                    "scale": [
                        1.5799994468688965,
                        1.5799994468688965,
                        1
                    ],
                    "rotation": 0,
                    "weight": [
                        0,
                        0,
                        0,
                        0
                    ],
                    "weightHard": false,
                    "weightScale": [
                        1,
                        1,
                        1
                    ],
                    "mirrored": false,
                    "twinId": 24,
                    "flooded": false,
                    "pathable": false,
                    "mergeable": false,
                    "no_features": false
                },
                {
                    "spec": "/pa/terrain/desert/brushes/desert_plateau_08.json",
                    "proj": "BP_Bend",
                    "op": "BO_Add",
                    "position": [
                        -112.96766662597656,
                        -777.9688720703125,
                        129.2449951171875
                    ],
                    "height": 796.6815795898438,
                    "transform": [
                        1.5526654720306396,
                        -0.18824006617069244,
                        -0.14179778099060059,
                        -112.96768188476562,
                        -0.18824006617069244,
                        0.2836558222770691,
                        -0.9765118360519409,
                        -777.968994140625,
                        -0.2240404188632965,
                        -1.5428881645202637,
                        -0.16222906112670898,
                        -129.24490356445312
                    ],
                    "scale": [
                        1.5799994468688965,
                        1.5799994468688965,
                        1
                    ],
                    "rotation": 0,
                    "weight": [
                        0,
                        0,
                        0,
                        0
                    ],
                    "weightHard": false,
                    "weightScale": [
                        1,
                        1,
                        1
                    ],
                    "mirrored": true,
                    "twinId": 24,
                    "flooded": false,
                    "pathable": false,
                    "mergeable": false,
                    "no_features": false
                },
                {
                    "spec": "/pa/terrain/desert/brushes/desert_plateau_08.json",
                    "proj": "BP_Bend",
                    "op": "BO_Add",
                    "position": [
                        -239.92535400390625,
                        372.0828857421875,
                        663.3330078125
                    ],
                    "height": 797.5089111328125,
                    "transform": [
                        0.9505901336669922,
                        0.07662614434957504,
                        -0.30084341764450073,
                        -239.92530822753906,
                        0.07662614434957504,
                        0.8811660408973694,
                        0.4665563404560089,
                        372.08282470703125,
                        0.30084341764450073,
                        -0.4665563404560089,
                        0.8317562341690063,
                        663.3330078125
                    ],
                    "scale": [
                        1,
                        1,
                        1
                    ],
                    "rotation": 0,
                    "weight": [
                        0,
                        0,
                        0,
                        0
                    ],
                    "weightHard": false,
                    "weightScale": [
                        1,
                        1,
                        1
                    ],
                    "mirrored": false,
                    "twinId": 34,
                    "flooded": false,
                    "pathable": false,
                    "mergeable": false,
                    "no_features": false
                },
                {
                    "spec": "/pa/terrain/desert/brushes/desert_plateau_08.json",
                    "proj": "BP_Bend",
                    "op": "BO_Add",
                    "position": [
                        -239.92535400390625,
                        372.0828857421875,
                        663.3330078125
                    ],
                    "height": 797.5089111328125,
                    "transform": [
                        0.9505901336669922,
                        0.07662614434957504,
                        -0.30084341764450073,
                        -239.92532348632812,
                        0.07662614434957504,
                        0.8811660408973694,
                        0.4665563404560089,
                        372.08282470703125,
                        -0.30084341764450073,
                        0.4665563404560089,
                        -0.8317562341690063,
                        -663.3330688476562
                    ],
                    "scale": [
                        1,
                        1,
                        1
                    ],
                    "rotation": 0,
                    "weight": [
                        0,
                        0,
                        0,
                        0
                    ],
                    "weightHard": false,
                    "weightScale": [
                        1,
                        1,
                        1
                    ],
                    "mirrored": true,
                    "twinId": 34,
                    "flooded": false,
                    "pathable": false,
                    "mergeable": false,
                    "no_features": false
                },
                {
                    "spec": "/pa/terrain/desert/brushes/desert_plateau_08.json",
                    "proj": "BP_Bend",
                    "op": "BO_Add",
                    "position": [
                        -272.13958740234375,
                        727.3920288085938,
                        169.2034149169922
                    ],
                    "height": 794.8515014648438,
                    "transform": [
                        0.903351366519928,
                        0.25832855701446533,
                        -0.3423778712749481,
                        -272.1395568847656,
                        0.25832855701446533,
                        0.30952298641204834,
                        0.9151293635368347,
                        727.3919677734375,
                        0.3423778712749481,
                        -0.9151293635368347,
                        0.21287435293197632,
                        169.20350646972656
                    ],
                    "scale": [
                        1,
                        1,
                        1
                    ],
                    "rotation": 0,
                    "weight": [
                        0,
                        0,
                        0,
                        0
                    ],
                    "weightHard": false,
                    "weightScale": [
                        1,
                        1,
                        1
                    ],
                    "mirrored": false,
                    "twinId": 42,
                    "flooded": false,
                    "pathable": false,
                    "mergeable": false,
                    "no_features": false
                },
                {
                    "spec": "/pa/terrain/desert/brushes/desert_plateau_08.json",
                    "proj": "BP_Bend",
                    "op": "BO_Add",
                    "position": [
                        -272.13958740234375,
                        727.3920288085938,
                        169.2034149169922
                    ],
                    "height": 794.8515014648438,
                    "transform": [
                        0.903351366519928,
                        0.25832855701446533,
                        -0.3423778712749481,
                        -272.1395568847656,
                        0.25832855701446533,
                        0.30952298641204834,
                        0.9151293635368347,
                        727.3919677734375,
                        -0.3423778712749481,
                        0.9151293635368347,
                        -0.21287435293197632,
                        -169.20350646972656
                    ],
                    "scale": [
                        1,
                        1,
                        1
                    ],
                    "rotation": 0,
                    "weight": [
                        0,
                        0,
                        0,
                        0
                    ],
                    "weightHard": false,
                    "weightScale": [
                        1,
                        1,
                        1
                    ],
                    "mirrored": true,
                    "twinId": 42,
                    "flooded": false,
                    "pathable": false,
                    "mergeable": false,
                    "no_features": false
                },
                {
                    "spec": "/pa/terrain/desert/brushes/desert_plateau_08.json",
                    "proj": "BP_Bend",
                    "op": "BO_Add",
                    "position": [
                        -18.974754333496094,
                        -781.8826904296875,
                        160.90997314453125
                    ],
                    "height": 798.4939575195312,
                    "transform": [
                        1.8491296768188477,
                        -0.03582746535539627,
                        -0.023763176053762436,
                        -18.97475242614746,
                        -0.03582746535539627,
                        0.3736756145954132,
                        -0.9791966676712036,
                        -781.8826293945312,
                        0.04396185651421547,
                        1.811513066291809,
                        0.20151692628860474,
                        160.91004943847656
                    ],
                    "scale": [
                        1.849999189376831,
                        1.849999189376831,
                        1
                    ],
                    "rotation": 0,
                    "weight": [
                        0,
                        0,
                        0,
                        0
                    ],
                    "weightHard": false,
                    "weightScale": [
                        1,
                        1,
                        1
                    ],
                    "mirrored": false,
                    "twinId": 51,
                    "flooded": false,
                    "pathable": false,
                    "mergeable": false,
                    "no_features": false
                },
                {
                    "spec": "/pa/terrain/desert/brushes/desert_plateau_08.json",
                    "proj": "BP_Bend",
                    "op": "BO_Add",
                    "position": [
                        -18.974754333496094,
                        -781.8826904296875,
                        160.90997314453125
                    ],
                    "height": 798.4939575195312,
                    "transform": [
                        1.8491296768188477,
                        -0.03582746535539627,
                        -0.023763176053762436,
                        -18.97475242614746,
                        -0.03582746535539627,
                        0.3736756145954132,
                        -0.9791966676712036,
                        -781.8826293945312,
                        -0.04396185651421547,
                        -1.811513066291809,
                        -0.20151692628860474,
                        -160.91004943847656
                    ],
                    "scale": [
                        1.849999189376831,
                        1.849999189376831,
                        1
                    ],
                    "rotation": 0,
                    "weight": [
                        0,
                        0,
                        0,
                        0
                    ],
                    "weightHard": false,
                    "weightScale": [
                        1,
                        1,
                        1
                    ],
                    "mirrored": true,
                    "twinId": 51,
                    "flooded": false,
                    "pathable": false,
                    "mergeable": false,
                    "no_features": false
                },
                {
                    "spec": "/pa/terrain/desert/brushes/desert_plateau_12.json",
                    "proj": "BP_Bend",
                    "op": "BO_Add",
                    "position": [
                        -295.74407958984375,
                        -505.1171875,
                        532.165283203125
                    ],
                    "height": 791.0801391601562,
                    "transform": [
                        0.916445255279541,
                        -0.1427076756954193,
                        -0.37384846806526184,
                        -295.7441101074219,
                        -0.1427076756954193,
                        0.756261944770813,
                        -0.638515830039978,
                        -505.1171875,
                        0.37384846806526184,
                        0.638515830039978,
                        0.6727071404457092,
                        532.165283203125
                    ],
                    "scale": [
                        1,
                        1,
                        1
                    ],
                    "rotation": 0,
                    "weight": [
                        0,
                        0,
                        0,
                        0
                    ],
                    "weightHard": false,
                    "weightScale": [
                        1,
                        1,
                        1
                    ],
                    "mirrored": false,
                    "twinId": 55,
                    "flooded": false,
                    "pathable": true,
                    "mergeable": false,
                    "no_features": false
                },
                {
                    "spec": "/pa/terrain/desert/brushes/desert_plateau_12.json",
                    "proj": "BP_Bend",
                    "op": "BO_Add",
                    "position": [
                        -295.74407958984375,
                        -505.1171875,
                        532.165283203125
                    ],
                    "height": 791.0801391601562,
                    "transform": [
                        0.916445255279541,
                        -0.1427076756954193,
                        -0.37384846806526184,
                        -295.7441101074219,
                        -0.1427076756954193,
                        0.756261944770813,
                        -0.638515830039978,
                        -505.1171569824219,
                        -0.37384846806526184,
                        -0.638515830039978,
                        -0.6727071404457092,
                        -532.165283203125
                    ],
                    "scale": [
                        1,
                        1,
                        1
                    ],
                    "rotation": 0,
                    "weight": [
                        0,
                        0,
                        0,
                        0
                    ],
                    "weightHard": false,
                    "weightScale": [
                        1,
                        1,
                        1
                    ],
                    "mirrored": true,
                    "twinId": 55,
                    "flooded": false,
                    "pathable": true,
                    "mergeable": false,
                    "no_features": false
                },
                {
                    "spec": "/pa/terrain/desert/brushes/desert_plateau_08.json",
                    "proj": "BP_Bend",
                    "op": "BO_Add",
                    "position": [
                        -160.91775512695312,
                        319.38165283203125,
                        716.58544921875
                    ],
                    "height": 800.8707275390625,
                    "transform": [
                        0.9786926507949829,
                        0.042289767414331436,
                        -0.2009284645318985,
                        -160.917724609375,
                        0.042289767414331436,
                        0.9160653352737427,
                        0.39879298210144043,
                        319.3816223144531,
                        0.2009284645318985,
                        -0.39879298210144043,
                        0.8947579860687256,
                        716.58544921875
                    ],
                    "scale": [
                        1,
                        1,
                        1
                    ],
                    "rotation": 0,
                    "weight": [
                        0,
                        0,
                        0,
                        0
                    ],
                    "weightHard": false,
                    "weightScale": [
                        1,
                        1,
                        1
                    ],
                    "mirrored": false,
                    "twinId": 56,
                    "flooded": false,
                    "pathable": false,
                    "mergeable": false,
                    "no_features": false
                },
                {
                    "spec": "/pa/terrain/desert/brushes/desert_plateau_08.json",
                    "proj": "BP_Bend",
                    "op": "BO_Add",
                    "position": [
                        -160.91775512695312,
                        319.38165283203125,
                        716.58544921875
                    ],
                    "height": 800.8707275390625,
                    "transform": [
                        0.9786926507949829,
                        0.042289767414331436,
                        -0.2009284645318985,
                        -160.917724609375,
                        0.042289767414331436,
                        0.9160653352737427,
                        0.39879298210144043,
                        319.3816223144531,
                        -0.2009284645318985,
                        0.39879298210144043,
                        -0.8947579860687256,
                        -716.58544921875
                    ],
                    "scale": [
                        1,
                        1,
                        1
                    ],
                    "rotation": 0,
                    "weight": [
                        0,
                        0,
                        0,
                        0
                    ],
