{
    "name": "# Peril Pitfall | 4FFA, 2v2 | R500M100",
    "description": "",
    "creator": "gb6",
    "version": "",
    "planets": [
        {
            "name": "The Pits",
            "mass": 10000,
            "position_x": 12300,
            "position_y": -3800,
            "velocity_x": 58.17250061035156,
            "velocity_y": 188.29522705078125,
            "required_thrust_to_move": 0,
            "starting_planet": true,
            "respawn": false,
            "start_destroyed": false,
            "min_spawn_delay": 0,
            "max_spawn_delay": 0,
            "planet": {
                "seed": 658322880,
                "radius": 500,
                "heightRange": 0,
                "waterHeight": 0,
                "waterDepth": 0,
                "temperature": 100,
                "metalDensity": 0,
                "metalClusters": 0,
                "metalSpotLimit": -1,
                "biomeScale": 50,
                "biome": "sandbox",
                "symmetryType": "none",
                "symmetricalMetal": false,
                "symmetricalStarts": false,
                "numArmies": 2,
                "landingZonesPerArmy": 0,
                "landingZoneSize": 0,
                "heightAdjustments": []
            },
            "planetCSG": [
                {
                    "spec": "/pa/terrain/mountain/brushes/mountain_t1_large_8_ramp.json",
                    "proj": "BP_Bend",
                    "op": "BO_Add",
                    "position": [
                        0.007590293884277344,
                        -354.0244445800781,
                        354.86273193359375
                    ],
                    "height": 501.25927734375,
                    "transform": [
                        0.9982008934020996,
                        -0.059957750141620636,
                        0.000015142451047722716,
                        0.007590293884277344,
                        0.04245731607079506,
                        0.7066681981086731,
                        -0.706270158290863,
                        -354.02447509765625,
                        0.042335670441389084,
                        0.7050001621246338,
                        0.7079424858093262,
                        354.86273193359375
                    ],
                    "scale": [
                        1,
                        1,
                        1
                    ],
                    "rotation": 0.059999994933605194,
                    "weight": [
                        0,
                        0,
                        0,
                        0
                    ],
                    "weightHard": false,
                    "weightScale": [
                        1,
                        1,
                        1
                    ],
                    "mirrored": false,
                    "twinId": 0,
                    "flooded": false,
                    "pathable": true,
                    "mergeable": false,
                    "no_features": false
                },
                {
                    "spec": "/pa/terrain/mountain/brushes/mountain_t1_large_8_ramp.json",
                    "proj": "BP_Bend",
                    "op": "BO_Add",
                    "position": [
                        -0.4050140380859375,
                        -353.2037353515625,
                        -354.04931640625
                    ],
                    "height": 500.10394287109375,
                    "transform": [
                        0.9986501336097717,
                        -0.05193508788943291,
                        -0.0008098598918877542,
                        -0.40501412749290466,
                        -0.037338737398386,
                        -0.7069664001464844,
                        -0.7062606811523438,
                        -353.2037658691406,
                        0.03610716387629509,
                        0.7053375840187073,
                        -0.7079513072967529,
                        -354.04925537109375
                    ],
                    "scale": [
                        1,
                        1,
                        1
                    ],
                    "rotation": 0.04999999701976776,
                    "weight": [
                        0,
                        0,
                        0,
                        0
                    ],
                    "weightHard": false,
                    "weightScale": [
                        1,
                        1,
                        1
                    ],
                    "mirrored": false,
                    "twinId": 0,
                    "flooded": false,
                    "pathable": true,
                    "mergeable": false,
                    "no_features": false
                },
                {
                    "spec": "/pa/terrain/desert/brushes/desert_pit_08.json",
                    "proj": "BP_Bend",
                    "op": "BO_Subtract",
                    "position": [
                        303.37774658203125,
                        352.8608093261719,
                        180.56619262695312
                    ],
                    "height": 499.1522521972656,
                    "transform": [
                        -0.396207332611084,
                        -0.27868419885635376,
                        0.6077859997749329,
                        303.37774658203125,
                        0.429824560880661,
                        -0.03740566968917847,
                        0.7069202661514282,
                        352.86083984375,
                        -0.174272820353508,
                        0.5413283109664917,
                        0.3617456555366516,
                        180.566162109375
                    ],
                    "scale": [
                        0.6100003719329834,
                        0.6100003719329834,
                        1
                    ],
                    "rotation": 2.1199984550476074,
                    "weight": [
                        0,
                        0,
                        0,
                        0
                    ],
                    "weightHard": false,
                    "weightScale": [
                        1,
                        1,
                        1
                    ],
                    "mirrored": false,
                    "twinId": 0,
                    "flooded": false,
                    "pathable": false,
                    "mergeable": false,
                    "no_features": false
                },
                {
                    "spec": "/pa/terrain/lava/brushes/lava_plateau_12.json",
                    "proj": "BP_Bend",
                    "op": "BO_Add",
                    "position": [
                        -276.533935546875,
                        151.33917236328125,
                        -387.34515380859375
                    ],
                    "height": 499.4104919433594,
                    "transform": [
                        -0.7718179821968079,
                        -0.31255489587783813,
                        -0.5537208914756775,
                        -276.5340270996094,
                        -0.5363879203796387,
                        0.7876912355422974,
                        0.303035706281662,
                        151.33921813964844,
                        0.34144577383995056,
                        0.5308975577354431,
                        -0.7756048440933228,
                        -387.3451843261719
                    ],
                    "scale": [
                        1,
                        1,
                        1
                    ],
                    "rotation": -1.4999990463256836,
                    "weight": [
                        0,
                        0,
                        0,
                        0
                    ],
                    "weightHard": false,
                    "weightScale": [
                        1,
                        1,
                        1
                    ],
                    "mirrored": false,
                    "twinId": 0,
                    "flooded": false,
                    "pathable": false,
                    "mergeable": false,
                    "no_features": false
                },
                {
                    "spec": "/pa/terrain/lava/brushes/lava_plateau_10.json",
                    "proj": "BP_Bend",
                    "op": "BO_Add",
                    "position": [
                        -350.5843505859375,
                        -50.899715423583984,
                        -352.6424865722656
                    ],
                    "height": 499.85687255859375,
                    "transform": [
                        0.7120586633682251,
                        0.03245249390602112,
                        -0.70136958360672,
                        -350.58441162109375,
                        -0.05503071844577789,
                        -0.9932787418365479,
                        -0.10182859003543854,
                        -50.89971923828125,
                        -0.6999600529670715,
                        0.1111048087477684,
                        -0.7054868936538696,
                        -352.6424865722656
                    ],
                    "scale": [
                        1,
                        1,
                        1
                    ],
                    "rotation": -2.8399977684020996,
                    "weight": [
                        0,
                        0,
                        0,
                        0
                    ],
                    "weightHard": false,
                    "weightScale": [
                        1,
                        1,
                        1
                    ],
                    "mirrored": false,
                    "twinId": 0,
                    "flooded": false,
                    "pathable": false,
                    "mergeable": false,
                    "no_features": false
                },
                {
                    "spec": "/pa/terrain/lava/brushes/lava_plateau_10.json",
                    "proj": "BP_Bend",
                    "op": "BO_Add",
                    "position": [
                        0.3777923583984375,
                        56.683433532714844,
                        -496.1439514160156
                    ],
                    "height": 499.37158203125,
                    "transform": [
                        -0.990916907787323,
                        0.1344730257987976,
                        0.0007565388223156333,
                        0.3777939975261688,
                        0.1336890608072281,
                        0.9845013618469238,
                        0.11351002752780914,
                        56.68368148803711,
                        0.0145192239433527,
                        0.11258015781641006,
                        -0.9935367107391357,
                        -496.1440124511719
                    ],
                    "scale": [
                        1,
                        1,
                        1
                    ],
                    "rotation": -3.0199975967407227,
                    "weight": [
                        0,
                        0,
                        0,
                        0
                    ],
                    "weightHard": false,
                    "weightScale": [
                        1,
                        1,
                        1
                    ],
                    "mirrored": false,
                    "twinId": 0,
                    "flooded": false,
                    "pathable": false,
                    "mergeable": false,
                    "no_features": false
                },
                {
                    "spec": "/pa/terrain/lava/brushes/lava_plateau_10.json",
                    "proj": "BP_Bend",
                    "op": "BO_Add",
                    "position": [
                        0.19337844848632812,
                        -56.23888397216797,
                        -497.2062072753906
                    ],
                    "height": 500.376708984375,
                    "transform": [
                        0.9946852326393127,
                        -0.102961964905262,
                        0.00038646330358460546,
                        0.19337724149227142,
                        -0.10226637870073318,
                        -0.9883872866630554,
                        -0.1123923808336258,
                        -56.238529205322266,
                        0.011954114772379398,
                        0.11175551265478134,
                        -0.9936637878417969,
                        -497.2062072753906
                    ],
                    "scale": [
                        1,
                        1,
                        1
                    ],
                    "rotation": 0.10999998450279236,
                    "weight": [
                        0,
                        0,
                        0,
                        0
                    ],
                    "weightHard": false,
                    "weightScale": [
                        1,
                        1,
                        1
                    ],
                    "mirrored": false,
                    "twinId": 0,
                    "flooded": false,
                    "pathable": false,
                    "mergeable": false,
                    "no_features": false
                },
                {
                    "spec": "/pa/terrain/lava/brushes/lava_plateau_10.json",
                    "proj": "BP_Bend",
                    "op": "BO_Add",
                    "position": [
                        0.8180007934570312,
                        -497.7629699707031,
                        -54.133697509765625
                    ],
                    "height": 500.6986083984375,
                    "transform": [
                        -0.9995554685592651,
                        0.02976968139410019,
                        0.001633718959055841,
                        0.8180007934570312,
                        0.0015951768727973104,
                        0.10811697691679001,
                        -0.9941369891166687,
                        -497.76300048828125,
                        -0.029771775007247925,
                        -0.9936924576759338,
                        -0.10811638832092285,
                        -54.133724212646484
                    ],
                    "scale": [
                        1,
                        1,
                        1
                    ],
                    "rotation": -3.109997510910034,
                    "weight": [
                        0,
                        0,
                        0,
                        0
                    ],
                    "weightHard": false,
                    "weightScale": [
                        1,
                        1,
                        1
                    ],
                    "mirrored": false,
                    "twinId": 0,
                    "flooded": false,
                    "pathable": false,
                    "mergeable": false,
                    "no_features": false
                },
                {
                    "spec": "/pa/terrain/lava/brushes/lava_plateau_10.json",
                    "proj": "BP_Bend",
                    "op": "BO_Add",
                    "position": [
                        0.30666351318359375,
                        -496.7077941894531,
                        50.26228713989258
                    ],
                    "height": 499.24444580078125,
                    "transform": [
                        0.9995663166046143,
                        -0.029440518468618393,
                        0.0006142553174868226,
                        0.30666354298591614,
                        0.003574842121452093,
                        0.1006150022149086,
                        -0.9949191212654114,
                        -496.7078552246094,
                        0.02922913245856762,
                        0.994489848613739,
                        0.10067659616470337,
                        50.262229919433594
                    ],
                    "scale": [
                        1,
                        1,
                        1
                    ],
                    "rotation": 0.03000001423060894,
                    "weight": [
                        0,
                        0,
                        0,
                        0
                    ],
                    "weightHard": false,
                    "weightScale": [
                        1,
                        1,
                        1
                    ],
                    "mirrored": false,
                    "twinId": 0,
                    "flooded": false,
                    "pathable": false,
                    "mergeable": false,
                    "no_features": false
                },
                {
                    "spec": "/pa/terrain/lava/brushes/lava_plateau_10.json",
                    "proj": "BP_Bend",
                    "op": "BO_Add",
                    "position": [
                        0.20158052444458008,
                        -56.211456298828125,
                        498.926513671875
                    ],
                    "height": 502.0830993652344,
                    "transform": [
                        -0.9937821626663208,
                        0.11134117841720581,
                        0.0004014883015770465,
                        0.20158050954341888,
                        -0.11068587005138397,
                        -0.987529456615448,
                        -0.11195646226406097,
                        -56.21145248413086,
                        -0.012068883515894413,
                        -0.11130478233098984,
                        0.9937129616737366,
                        498.926513671875
                    ],
                    "scale": [
                        1,
                        1,
                        1
                    ],
                    "rotation": -3.0299975872039795,
                    "weight": [
                        0,
                        0,
                        0,
                        0
                    ],
                    "weightHard": false,
                    "weightScale": [
                        1,
                        1,
                        1
                    ],
                    "mirrored": false,
                    "twinId": 0,
                    "flooded": false,
                    "pathable": false,
                    "mergeable": false,
                    "no_features": false
                },
                {
                    "spec": "/pa/terrain/lava/brushes/lava_plateau_10.json",
                    "proj": "BP_Bend",
                    "op": "BO_Add",
                    "position": [
                        -0.30870819091796875,
                        56.22312927246094,
                        497.8756103515625
                    ],
                    "height": 501.0401916503906,
                    "transform": [
                        0.9872326254844666,
                        -0.15928395092487335,
                        -0.000616134493611753,
                        -0.308708131313324,
                        0.1583462357521057,
                        0.9809865355491638,
                        0.11221280694007874,
                        56.22312545776367,
                        -0.017269279807806015,
                        -0.11087770015001297,
                        0.9936839938163757,
                        497.8756103515625
                    ],
                    "scale": [
                        1,
                        1,
                        1
                    ],
                    "rotation": 0.1600000113248825,
                    "weight": [
                        0,
                        0,
                        0,
                        0
                    ],
                    "weightHard": false,
                    "weightScale": [
                        1,
                        1,
                        1
                    ],
                    "mirrored": false,
                    "twinId": 0,
                    "flooded": false,
                    "pathable": false,
                    "mergeable": false,
                    "no_features": false
                },
                {
                    "spec": "/pa/terrain/lava/brushes/lava_plateau_11.json",
                    "proj": "BP_Bend",
                    "op": "BO_Add",
                    "position": [
                        150.17922973632812,
                        0.034674644470214844,
                        -477.3576965332031
                    ],
                    "height": 500.4239807128906,
                    "transform": [
                        0.13191083073616028,
                        0.9447414875030518,
                        0.30010366439819336,
                        150.1790771484375,
                        0.9903894662857056,
                        -0.13830649852752686,
                        0.00006929046503501013,
                        0.03467461094260216,
                        0.04157174751162529,
                        0.2972103953361511,
                        -0.9539061784744263,
                        -477.3575134277344
                    ],
                    "scale": [
                        1,
                        1,
                        1
                    ],
                    "rotation": 1.7099987268447876,
                    "weight": [
                        0,
                        0,
                        0,
                        0
                    ],
                    "weightHard": false,
                    "weightScale": [
                        1,
                        1,
                        1
                    ],
                    "mirrored": false,
                    "twinId": 0,
                    "flooded": false,
                    "pathable": false,
                    "mergeable": false,
                    "no_features": false
                },
                {
                    "spec": "/pa/terrain/lava/brushes/lava_plateau_11.json",
                    "proj": "BP_Bend",
                    "op": "BO_Add",
                    "position": [
                        -150.03732299804688,
                        0.6978378295898438,
                        -477.0639343261719
                    ],
                    "height": 500.1016845703125,
                    "transform": [
                        -0.1522844135761261,
                        -0.9417015314102173,
                        -0.3000136613845825,
                        -150.03733825683594,
                        -0.9872446060180664,
                        0.15920472145080566,
                        0.0013953919988125563,
                        0.6978378891944885,
                        0.04644954577088356,
                        0.2963993549346924,
                        -0.9539341926574707,
                        -477.0640869140625
                    ],
                    "scale": [
                        1,
                        1,
                        1
                    ],
                    "rotation": -1.4199990034103394,
                    "weight": [
                        0,
                        0,
                        0,
                        0
                    ],
                    "weightHard": false,
                    "weightScale": [
                        1,
                        1,
                        1
                    ],
                    "mirrored": false,
                    "twinId": 0,
                    "flooded": false,
                    "pathable": false,
                    "mergeable": false,
                    "no_features": false
                },
                {
                    "spec": "/pa/terrain/lava/brushes/lava_plateau_10.json",
                    "proj": "BP_Bend",
                    "op": "BO_Add",
                    "position": [
                        -0.7435302734375,
                        494.65283203125,
                        -50.421905517578125
                    ],
                    "height": 497.2165832519531,
                    "transform": [
                        0.994135320186615,
                        -0.10813245177268982,
                        -0.0014953851932659745,
                        -0.7435303330421448,
                        -0.00948663055896759,
                        -0.10097494721412659,
                        0.9948439002037048,
                        494.65289306640625,
                        -0.10772591084241867,
                        -0.9889953136444092,
                        -0.10140860080718994,
                        -50.42203903198242
                    ],
                    "scale": [
                        1,
                        1,
                        1
                    ],
                    "rotation": 0.10999998450279236,
                    "weight": [
                        0,
                        0,
                        0,
                        0
                    ],
                    "weightHard": false,
                    "weightScale": [
                        1,
                        1,
                        1
                    ],
                    "mirrored": false,
                    "twinId": 0,
                    "flooded": false,
                    "pathable": false,
                    "mergeable": false,
                    "no_features": false
                },
                {
                    "spec": "/pa/terrain/lava/brushes/lava_plateau_10.json",
                    "proj": "BP_Bend",
                    "op": "BO_Add",
                    "position": [
                        -0.16949844360351562,
                        495.6607971191406,
                        53.22942352294922
                    ],
                    "height": 498.51080322265625,
                    "transform": [
                        -0.9999361634254456,
                        0.011289470829069614,
                        -0.00034000957384705544,
                        -0.16949844360351562,
                        -0.0015434977831318974,
                        -0.10676617175340652,
                        0.9942829012870789,
                        495.6607666015625,
                        0.011188626289367676,
                        0.994219958782196,
                        0.10677677392959595,
                        53.229373931884766
                    ],
                    "scale": [
                        1,
                        1,
                        1
                    ],
                    "rotation": -3.129997491836548,
                    "weight": [
                        0,
                        0,
                        0,
                        0
                    ],
                    "weightHard": false,
                    "weightScale": [
                        1,
                        1,
                        1
                    ],
                    "mirrored": false,
                    "twinId": 0,
                    "flooded": false,
                    "pathable": false,
                    "mergeable": false,
                    "no_features": false
                },
                {
                    "spec": "/pa/terrain/lava/brushes/lava_plateau_11.json",
                    "proj": "BP_Bend",
                    "op": "BO_Add",
                    "position": [
                        -162.74307250976562,
                        -472.3918762207031,
                        -0.36458587646484375
                    ],
                    "height": 499.639404296875,
                    "transform": [
                        -0.10494603216648102,
                        -0.9396234154701233,
                        -0.32572105526924133,
                        -162.74307250976562,
                        0.035387784242630005,
                        0.32379382848739624,
                        -0.945465624332428,
                        -472.3918762207031,
                        0.9938480854034424,
                        -0.11074942350387573,
                        -0.000729680061340332,
                        -0.36457690596580505
                    ],
                    "scale": [
                        1,
                        1,
                        1
                    ],
                    "rotation": 1.3499990701675415,
                    "weight": [
                        0,
                        0,
                        0,
                        0
                    ],
                    "weightHard": false,
                    "weightScale": [
                        1,
                        1,
                        1
                    ],
                    "mirrored": false,
                    "twinId": 0,
                    "flooded": false,
                    "pathable": false,
                    "mergeable": false,
                    "no_features": false
                },
                {
                    "spec": "/pa/terrain/lava/brushes/lava_plateau_11.json",
                    "proj": "BP_Bend",
                    "op": "BO_Add",
                    "position": [
                        161.90220642089844,
                        -472.6220703125,
                        0.3391304016113281
                    ],
                    "height": 499.5838928222656,
                    "transform": [
                        0.12357288599014282,
                        0.9379262924194336,
                        0.3240740895271301,
                        161.90219116210938,
                        0.04161979258060455,
                        0.32139116525650024,
                        -0.946031391620636,
                        -472.6220397949219,
                        -0.991462230682373,
                        0.13039174675941467,
                        0.0006789565086364746,
                        0.33919572830200195
                    ],
                    "scale": [
                        1,
                        1,
                        1
                    ],
                    "rotation": -1.1099992990493774,
                    "weight": [
                        0,
                        0,
                        0,
                        0
                    ],
                    "weightHard": false,
                    "weightScale": [
                        1,
                        1,
                        1
                    ],
                    "mirrored": false,
                    "twinId": 0,
                    "flooded": false,
                    "pathable": false,
                    "mergeable": false,
                    "no_features": false
                },
                {
                    "spec": "/pa/terrain/lava/brushes/lava_plateau_11.json",
                    "proj": "BP_Bend",
                    "op": "BO_Add",
                    "position": [
                        -149.69375610351562,
                        -0.5664443969726562,
                        477.366943359375
                    ],
                    "height": 500.28765869140625,
                    "transform": [
                        -0.13256807625293732,
                        -0.94493168592453,
                        -0.2992153465747833,
                        -149.69374084472656,
                        0.9903504252433777,
                        -0.13858149945735931,
                        -0.0011322373757138848,
                        -0.5664443969726562,
                        -0.0403958261013031,
                        -0.29647812247276306,
                        0.9541849493980408,
                        477.366943359375
                    ],
                    "scale": [
                        1,
                        1,
                        1
                    ],
                    "rotation": 1.7099987268447876,
                    "weight": [
                        0,
                        0,
                        0,
                        0
                    ],
                    "weightHard": false,
                    "weightScale": [
                        1,
                        1,
                        1
                    ],
                    "mirrored": false,
                    "twinId": 0,
                    "flooded": false,
                    "pathable": false,
                    "mergeable": false,
                    "no_features": false
                },
                {
                    "spec": "/pa/terrain/lava/brushes/lava_plateau_11.json",
                    "proj": "BP_Bend",
                    "op": "BO_Add",
                    "position": [
                        149.53379821777344,
                        -0.2051849365234375,
                        476.935302734375
                    ],
                    "height": 499.8276672363281,
                    "transform": [
                        0.1432838886976242,
                        0.9433804154396057,
                        0.29917073249816895,
                        149.5338134765625,
                        -0.988642156124115,
                        0.15028858184814453,
                        -0.0004105114203412086,
                        -0.2051849663257599,
                        -0.04534921050071716,
                        -0.29571396112442017,
                        0.954199492931366,
                        476.935302734375
                    ],
                    "scale": [
                        1,
                        1,
                        1
                    ],
                    "rotation": -1.4199990034103394,
                    "weight": [
                        0,
                        0,
                        0,
                        0
                    ],
                    "weightHard": false,
                    "weightScale": [
                        1,
                        1,
                        1
                    ],
                    "mirrored": false,
                    "twinId": 0,
                    "flooded": false,
                    "pathable": false,
                    "mergeable": false,
                    "no_features": false
                },
                {
                    "spec": "/pa/terrain/lava/brushes/lava_plateau_11.json",
                    "proj": "BP_Bend",
                    "op": "BO_Add",
                    "position": [
                        162.23182678222656,
                        472.3644104003906,
                        -0.10012054443359375
                    ],
                    "height": 499.447021484375,
                    "transform": [
                        0.1241903305053711,
                        0.9375855922698975,
                        0.32482290267944336,
                        162.23182678222656,
                        -0.04244251549243927,
                        -0.3220381438732147,
                        0.9457749724388123,
                        472.364501953125,
                        0.9913504123687744,
                        -0.13124237954616547,
                        -0.00020051002502441406,
                        -0.10014413297176361
                    ],
                    "scale": [
                        1,
                        1,
                        1
                    ],
                    "rotation": -1.7699986696243286,
                    "weight": [
                        0,
                        0,
                        0,
                        0
                    ],
                    "weightHard": false,
                    "weightScale": [
                        1,
                        1,
                        1
                    ],
                    "mirrored": false,
                    "twinId": 0,
                    "flooded": false,
                    "pathable": false,
                    "mergeable": false,
                    "no_features": false
                },
                {
                    "spec": "/pa/terrain/lava/brushes/lava_plateau_11.json",
                    "proj": "BP_Bend",
                    "op": "BO_Add",
                    "position": [
                        -161.821044921875,
                        470.4856262207031,
                        -0.08977508544921875
                    ],
                    "height": 497.5367126464844,
                    "transform": [
                        -0.12058839201927185,
                        -0.937909722328186,
                        -0.3252444267272949,
                        -161.821044921875,
                        -0.04166511446237564,
                        -0.3225646913051605,
                        0.9456300139427185,
                        470.48565673828125,
                        -0.9918279051780701,
                        0.1275833249092102,
                        -0.0001806020736694336,
                        -0.08985616266727448
                    ],
                    "scale": [
                        1,
                        1,
                        1
                    ],
                    "rotation": 2.029998540878296,
                    "weight": [
                        0,
                        0,
                        0,
                        0
                    ],
                    "weightHard": false,
                    "weightScale": [
                        1,
                        1,
                        1
                    ],
                    "mirrored": false,
                    "twinId": 0,
                    "flooded": false,
                    "pathable": false,
                    "mergeable": false,
                    "no_features": false
                },
                {
                    "spec": "/pa/terrain/lava/brushes/lava_plateau_11.json",
                    "proj": "BP_Bend",
                    "op": "BO_Add",
                    "position": [
                        -231.39569091796875,
                        -0.5558080673217773,
                        442.44989013671875
                    ],
                    "height": 499.3056945800781,
                    "transform": [
                        0.11584456264972687,
                        0.8785261511802673,
                        -0.4634348750114441,
                        -231.3956756591797,
                        -0.9914932250976562,
                        0.13015346229076385,
                        -0.001113161793909967,
                        -0.5558080077171326,
                        0.05933970957994461,
                        0.45962151885032654,
                        0.8861302733421326,
                        442.44989013671875
                    ],
                    "scale": [
                        1,
                        1,
                        1
                    ],
                    "rotation": -1.439998984336853,
                    "weight": [
