{
    "name": "# Starborn | 5v5 | R800M210",
    "description": "Based on the map Kuppa by TheEffectTheCause\n",
    "creator": "gb6",
    "version": "",
    "planets": [
        {
            "name": "Kuppa",
            "mass": 35000,
            "position_x": -45500,
            "position_y": -23000,
            "velocity_x": 44.6762580871582,
            "velocity_y": -88.38128662109375,
            "required_thrust_to_move": 0,
            "starting_planet": true,
            "respawn": false,
            "start_destroyed": false,
            "min_spawn_delay": 0,
            "max_spawn_delay": 0,
            "planet": {
                "seed": 524555360,
                "radius": 800,
                "heightRange": 0,
                "waterHeight": 0,
                "waterDepth": 100,
                "temperature": 50,
                "metalDensity": 0,
                "metalClusters": 0,
                "metalSpotLimit": -1,
                "biomeScale": 50,
                "biome": "metal",
                "symmetryType": "none",
                "symmetricalMetal": true,
                "symmetricalStarts": false,
                "numArmies": 2,
                "landingZonesPerArmy": 0,
                "landingZoneSize": 50,
                "heightAdjustments": []
            },
            "planetCSG": [
                {
                    "scale": [
                        1,
                        1,
                        1
                    ],
                    "weight": [
                        1,
                        1,
                        1,
                        1
                    ],
                    "proj": "BP_LongitudePinch",
                    "spec": "/pa/terrain/metal/brushes/metal_t1_large_4_ramp.json",
                    "transform": [
                        -1,
                        8.742277657347586e-8,
                        3.553627799404156e-17,
                        2.8421722982931164e-14,
                        -3.309849816446331e-8,
                        -0.37860268354415894,
                        0.9255592226982117,
                        740.2572021484375,
                        8.091495828921325e-8,
                        0.9255592226982117,
                        0.37860268354415894,
                        302.8043518066406
                    ],
                    "height": 799.7945556640625,
                    "position": [
                        2.842170943040401e-14,
                        740.2569580078125,
                        302.80419921875
                    ],
                    "op": "BO_Add",
                    "rotation": 3.1415927410125732,
                    "weightHard": false,
                    "weightScale": [
                        1,
                        1,
                        1
                    ],
                    "mirrored": false,
                    "twinId": 0,
                    "pathable": true,
                    "flooded": false,
                    "mergeable": false,
                    "no_features": true
                },
                {
                    "scale": [
                        1,
                        1,
                        1
                    ],
                    "weight": [
                        1,
                        1,
                        1,
                        1
                    ],
                    "proj": "BP_LongitudePinch",
                    "spec": "/pa/terrain/metal/brushes/metal_t1_large_4_ramp.json",
                    "transform": [
                        -0.30901700258255005,
                        0.3600724935531616,
                        -0.880259096622467,
                        -704.0264282226562,
                        -0.9510565400123596,
                        -0.11699476838111877,
                        0.28601354360580444,
                        228.7520751953125,
                        -5.960464477539063e-8,
                        0.9255592226982117,
                        0.37860268354415894,
                        302.8043518066406
                    ],
                    "height": 799.7945556640625,
                    "position": [
                        -704.0261840820312,
                        228.75198364257812,
                        302.80419921875
                    ],
                    "op": "BO_Add",
                    "rotation": 4.398229598999023,
                    "weightHard": false,
                    "weightScale": [
                        1,
                        1,
                        1
                    ],
                    "mirrored": false,
                    "twinId": 0,
                    "pathable": true,
                    "flooded": false,
                    "mergeable": false,
                    "no_features": true
                },
                {
                    "scale": [
                        1,
                        1,
                        1
                    ],
                    "weight": [
                        1,
                        1,
                        1,
                        1
                    ],
                    "proj": "BP_LongitudePinch",
                    "spec": "/pa/terrain/metal/brushes/metal_t1_large_4_ramp.json",
                    "transform": [
                        0.80901700258255,
                        0.22253717482089996,
                        -0.5440300107002258,
                        -435.11224365234375,
                        -0.5877852439880371,
                        0.3062959909439087,
                        -0.7487931251525879,
                        -598.8806762695312,
                        -1.1920928955078125e-7,
                        0.9255591630935669,
                        0.3786027431488037,
                        302.8044128417969
                    ],
                    "height": 799.7945556640625,
                    "position": [
                        -435.11212158203125,
                        -598.8804321289062,
                        302.80419921875
                    ],
                    "op": "BO_Add",
                    "rotation": 5.654866695404053,
                    "weightHard": false,
                    "weightScale": [
                        1,
                        1,
                        1
                    ],
                    "mirrored": false,
                    "twinId": 0,
                    "pathable": true,
                    "flooded": false,
                    "mergeable": false,
                    "no_features": true
                },
                {
                    "scale": [
                        1,
                        1,
                        1
                    ],
                    "weight": [
                        1,
                        1,
                        1,
                        1
                    ],
                    "proj": "BP_LongitudePinch",
                    "spec": "/pa/terrain/metal/brushes/metal_t1_large_4_ramp.json",
                    "transform": [
                        0.8090170621871948,
                        -0.222537100315094,
                        0.5440300107002258,
                        435.11224365234375,
                        0.5877852439880371,
                        0.30629605054855347,
                        -0.7487931251525879,
                        -598.8806762695312,
                        2.9802322387695312e-8,
                        0.9255591630935669,
                        0.3786027431488037,
                        302.8044128417969
                    ],
                    "height": 799.7945556640625,
                    "position": [
                        435.11212158203125,
                        -598.8804321289062,
                        302.80419921875
                    ],
                    "op": "BO_Add",
                    "rotation": 6.911503791809082,
                    "weightHard": false,
                    "weightScale": [
                        1,
                        1,
                        1
                    ],
                    "mirrored": false,
                    "twinId": 0,
                    "pathable": true,
                    "flooded": false,
                    "mergeable": false,
                    "no_features": true
                },
                {
                    "scale": [
                        1,
                        1,
                        1
                    ],
                    "weight": [
                        1,
                        1,
                        1,
                        1
                    ],
                    "proj": "BP_LongitudePinch",
                    "spec": "/pa/terrain/metal/brushes/metal_t1_large_4_ramp.json",
                    "transform": [
                        -0.3090171813964844,
                        -0.36007237434387207,
                        0.880259096622467,
                        704.0264282226562,
                        0.9510564804077148,
                        -0.11699511110782623,
                        0.28601354360580444,
                        228.7520751953125,
                        4.172325134277344e-7,
                        0.9255592226982117,
                        0.37860268354415894,
                        302.8043518066406
                    ],
                    "height": 799.7945556640625,
                    "position": [
                        704.0261840820312,
                        228.75198364257812,
                        302.80419921875
                    ],
                    "op": "BO_Add",
                    "rotation": 8.16814136505127,
                    "weightHard": false,
                    "weightScale": [
                        1,
                        1,
                        1
                    ],
                    "mirrored": false,
                    "twinId": 0,
                    "pathable": true,
                    "flooded": false,
                    "mergeable": false,
                    "no_features": true
                },
                {
                    "scale": [
                        1.919999122619629,
                        1.919999122619629,
                        1.919999122619629
                    ],
                    "weight": [
                        1,
                        1,
                        1,
                        1
                    ],
                    "proj": "BP_LongitudePinch",
                    "spec": "/pa/terrain/metal/brushes/metal_structure_06.json",
                    "transform": [
                        0.9886407852172852,
                        -1.5533119440078735,
                        0.544249951839447,
                        226.729736328125,
                        1.3607474565505981,
                        1.128547191619873,
                        0.7490958571434021,
                        312.06671142578125,
                        -0.9259334206581116,
                        0,
                        1.6819761991500854,
                        700.6964111328125
                    ],
                    "height": 799.8546752929688,
                    "position": [
                        226.7242431640625,
                        312.05914306640625,
                        700.679443359375
                    ],
                    "op": "BO_Add",
                    "rotation": 0.942477822303772,
                    "weightHard": false,
                    "weightScale": [
                        1,
                        1,
                        1
                    ],
                    "mirrored": false,
                    "twinId": 0,
                    "pathable": false,
                    "flooded": false,
                    "mergeable": false,
                    "no_features": false
                },
                {
                    "scale": [
                        1.919999122619629,
                        1.919999122619629,
                        1.919999122619629
                    ],
                    "weight": [
                        1,
                        1,
                        1,
                        1
                    ],
                    "proj": "BP_LongitudePinch",
                    "spec": "/pa/terrain/metal/brushes/metal_structure_06.json",
                    "transform": [
                        -0.9886406660079956,
                        -1.5533119440078735,
                        -0.544249951839447,
                        -226.729736328125,
                        1.3607474565505981,
                        -1.1285470724105835,
                        0.7490958571434021,
                        312.06671142578125,
                        -0.9259333610534668,
                        -2.9802322387695312e-8,
                        1.6819761991500854,
                        700.6964111328125
                    ],
                    "height": 799.8546752929688,
                    "position": [
                        -226.7242431640625,
                        312.05914306640625,
                        700.679443359375
                    ],
                    "op": "BO_Add",
                    "rotation": 2.1991147994995117,
                    "weightHard": false,
                    "weightScale": [
                        1,
                        1,
                        1
                    ],
                    "mirrored": false,
                    "twinId": 0,
                    "pathable": false,
                    "flooded": false,
                    "mergeable": false,
                    "no_features": false
                },
                {
                    "scale": [
                        1.919999122619629,
                        1.919999122619629,
                        1.919999122619629
                    ],
                    "weight": [
                        1,
                        1,
                        1,
                        1
                    ],
                    "proj": "BP_LongitudePinch",
                    "spec": "/pa/terrain/metal/brushes/metal_structure_06.json",
                    "transform": [
                        -1.5996545553207397,
                        0.5933123826980591,
                        -0.8806149959564209,
                        -366.8564453125,
                        -0.5197591781616211,
                        -1.8260276317596436,
                        -0.28612908720970154,
                        -119.19886016845703,
                        -0.9259334802627563,
                        2.9802322387695312e-8,
                        1.681976079940796,
                        700.6964111328125
                    ],
                    "height": 799.8546752929688,
                    "position": [
                        -366.8475341796875,
                        -119.19598388671875,
                        700.679443359375
                    ],
                    "op": "BO_Add",
                    "rotation": 3.455751895904541,
                    "weightHard": false,
                    "weightScale": [
                        1,
                        1,
                        1
                    ],
                    "mirrored": false,
                    "twinId": 0,
                    "pathable": false,
                    "flooded": false,
                    "mergeable": false,
                    "no_features": false
                },
                {
                    "scale": [
                        1.919999122619629,
                        1.919999122619629,
                        1.919999122619629
                    ],
                    "weight": [
                        1,
                        1,
                        1,
                        1
                    ],
                    "proj": "BP_LongitudePinch",
                    "spec": "/pa/terrain/metal/brushes/metal_structure_06.json",
                    "transform": [
                        2.2895759954622008e-8,
                        1.919999122619629,
                        -2.387914256740941e-16,
                        -9.94783953562478e-14,
                        -1.6819761991500854,
                        2.0057365546222172e-8,
                        -0.9259333610534668,
                        -385.73565673828125,
                        -0.9259333610534668,
                        1.104164493170856e-8,
                        1.6819761991500854,
                        700.6964111328125
                    ],
                    "height": 799.8546752929688,
                    "position": [
                        -9.947598300641403e-14,
                        -385.726318359375,
                        700.679443359375
                    ],
                    "op": "BO_Add",
                    "rotation": 4.71238899230957,
                    "weightHard": false,
                    "weightScale": [
                        1,
                        1,
                        1
                    ],
                    "mirrored": false,
                    "twinId": 0,
                    "pathable": false,
                    "flooded": false,
                    "mergeable": false,
                    "no_features": false
                },
                {
                    "scale": [
                        1.919999122619629,
                        1.919999122619629,
                        1.919999122619629
                    ],
                    "weight": [
                        1,
                        1,
                        1,
                        1
                    ],
                    "proj": "BP_LongitudePinch",
                    "spec": "/pa/terrain/metal/brushes/metal_structure_06.json",
                    "transform": [
                        1.5996545553207397,
                        0.5933122634887695,
                        0.8806149959564209,
                        366.8564453125,
                        -0.5197591781616211,
                        1.8260276317596436,
                        -0.2861291170120239,
                        -119.19886016845703,
                        -0.9259334206581116,
                        0,
                        1.6819761991500854,
                        700.6964111328125
                    ],
                    "height": 799.8546752929688,
                    "position": [
                        366.8475341796875,
                        -119.19598388671875,
                        700.679443359375
                    ],
                    "op": "BO_Add",
                    "rotation": 5.9690260887146,
                    "weightHard": false,
                    "weightScale": [
                        1,
                        1,
                        1
                    ],
                    "mirrored": false,
                    "twinId": 0,
                    "pathable": false,
                    "flooded": false,
                    "mergeable": false,
                    "no_features": false
                },
                {
                    "scale": [
                        1,
                        1,
                        1
                    ],
                    "weight": [
                        1,
                        1,
                        1,
                        1
                    ],
                    "proj": "BP_LongitudePinch",
                    "spec": "/pa/terrain/metal/brushes/metal_structure_06.json",
                    "transform": [
                        0.30901700258255005,
                        -0.2392076700925827,
                        0.9204825758934021,
                        736.1952514648438,
                        0.9510565996170044,
                        0.07772327959537506,
                        -0.2990829050540924,
                        -239.20433044433594,
                        0,
                        0.9678527116775513,
                        0.2515178322792053,
                        201.16213989257812
                    ],
                    "height": 799.792724609375,
                    "position": [
                        736.1842651367188,
                        -239.20077514648438,
                        201.1591796875
                    ],
                    "op": "BO_Add",
                    "rotation": 1.2566370964050293,
                    "weightHard": false,
                    "weightScale": [
                        1,
                        1,
                        1
                    ],
                    "mirrored": false,
                    "twinId": 0,
                    "pathable": false,
                    "flooded": false,
                    "mergeable": false,
                    "no_features": false
                },
                {
                    "scale": [
                        1,
                        1,
                        1
                    ],
                    "weight": [
                        1,
                        1,
                        1,
                        1
                    ],
                    "proj": "BP_LongitudePinch",
                    "spec": "/pa/terrain/metal/brushes/metal_structure_06.json",
                    "transform": [
                        0.05747873708605766,
                        -0.38598984479904175,
                        0.9207106828689575,
                        736.4434204101562,
                        0.998346745967865,
                        0.02222297340631485,
                        -0.05300891399383545,
                        -42.399925231933594,
                        -2.60770320892334e-8,
                        0.922235369682312,
                        0.38662904500961304,
                        309.25067138671875
                    ],
                    "height": 799.8640747070312,
                    "position": [
                        739.3978881835938,
                        -42.570030212402344,
                        310.491455078125
                    ],
                    "op": "BO_Add",
                    "rotation": 1.5132858753204346,
                    "weightHard": false,
                    "weightScale": [
                        1,
                        1,
                        1
                    ],
                    "mirrored": false,
                    "twinId": 0,
                    "pathable": false,
                    "flooded": false,
                    "mergeable": false,
                    "no_features": false
                },
                {
                    "scale": [
                        1,
                        1,
                        1
                    ],
                    "weight": [
                        1,
                        1,
                        1,
                        1
                    ],
                    "proj": "BP_LongitudePinch",
                    "spec": "/pa/terrain/metal/brushes/metal_structure_06.json",
                    "transform": [
                        0.5412618517875671,
                        -0.3259473741054535,
                        0.7751088738441467,
                        619.994873046875,
                        0.8408540487289429,
                        0.20981411635875702,
                        -0.4989413321018219,
                        -399.0937194824219,
                        -1.4901161193847656e-7,
                        0.9218113422393799,
                        0.38763856887817383,
                        310.0647277832031
                    ],
                    "height": 799.8810424804688,
                    "position": [
                        620.0881958007812,
                        -399.1537780761719,
                        310.11126708984375
                    ],
                    "op": "BO_Add",
                    "rotation": 7.282044410705566,
                    "weightHard": false,
                    "weightScale": [
                        1,
                        1,
                        1
                    ],
                    "mirrored": false,
                    "twinId": 0,
                    "pathable": false,
                    "flooded": false,
                    "mergeable": false,
                    "no_features": false
                },
                {
                    "scale": [
                        1,
                        1,
                        1
                    ],
                    "weight": [
                        1,
                        1,
                        1,
                        1
                    ],
                    "proj": "BP_LongitudePinch",
                    "spec": "/pa/terrain/metal/brushes/metal_structure_06.json",
                    "transform": [
                        -0.80901700258255,
                        -0.14783832430839539,
                        0.5688896179199219,
                        454.9937744140625,
                        0.5877852439880371,
                        -0.2034822404384613,
                        0.7830092906951904,
                        626.2451171875,
                        1.4901161193847656e-7,
                        0.9678527116775513,
                        0.25151777267456055,
                        201.16207885742188
                    ],
                    "height": 799.792724609375,
                    "position": [
                        454.9869079589844,
                        626.2357177734375,
                        201.1591796875
                    ],
                    "op": "BO_Add",
                    "rotation": 2.5132741928100586,
                    "weightHard": false,
                    "weightScale": [
                        1,
                        1,
                        1
                    ],
                    "mirrored": false,
                    "twinId": 0,
                    "pathable": false,
                    "flooded": false,
                    "mergeable": false,
                    "no_features": false
                },
                {
                    "scale": [
                        1,
                        1,
                        1
                    ],
                    "weight": [
                        1,
                        1,
                        1,
                        1
                    ],
                    "proj": "BP_LongitudePinch",
                    "spec": "/pa/terrain/metal/brushes/metal_structure_06.json",
                    "transform": [
                        -0.9317222237586975,
                        -0.14041271805763245,
                        0.3349297046661377,
                        267.8982238769531,
                        0.36317163705825806,
                        -0.3602310121059418,
                        0.8592671155929565,
                        687.296875,
                        2.9802322387695312e-8,
                        0.9222352504730225,
                        0.3866291642189026,
                        309.25079345703125
                    ],
                    "height": 799.8640747070312,
                    "position": [
                        268.9730224609375,
                        690.0542602539062,
                        310.491455078125
                    ],
                    "op": "BO_Add",
                    "rotation": 2.769922971725464,
                    "weightHard": false,
                    "weightScale": [
                        1,
                        1,
                        1
                    ],
                    "mirrored": false,
                    "twinId": 0,
                    "pathable": false,
                    "flooded": false,
                    "mergeable": false,
                    "no_features": false
                },
                {
                    "scale": [
                        1,
                        1,
                        1
                    ],
                    "weight": [
                        1,
                        1,
                        1,
                        1
                    ],
                    "proj": "BP_LongitudePinch",
                    "spec": "/pa/terrain/metal/brushes/metal_structure_06.json",
                    "transform": [
                        -0.6324407458305359,
                        -0.3002679944038391,
                        0.7140432596206665,
                        571.149658203125,
                        0.7746087312698364,
                        -0.2451586276292801,
                        0.5829910039901733,
                        466.3234558105469,
                        3.2782554626464844e-7,
                        0.9218114018440247,
                        0.38763856887817383,
                        310.0647277832031
                    ],
                    "height": 799.8810424804688,
                    "position": [
                        571.235595703125,
                        466.3936462402344,
                        310.11126708984375
                    ],
                    "op": "BO_Add",
                    "rotation": 8.538681983947754,
                    "weightHard": false,
                    "weightScale": [
                        1,
                        1,
                        1
                    ],
                    "mirrored": false,
                    "twinId": 0,
                    "pathable": false,
                    "flooded": false,
                    "mergeable": false,
                    "no_features": false
                },
                {
                    "scale": [
                        1,
                        1,
                        1
                    ],
                    "weight": [
                        1,
                        1,
                        1,
                        1
                    ],
                    "proj": "BP_LongitudePinch",
                    "spec": "/pa/terrain/metal/brushes/metal_structure_06.json",
                    "transform": [
                        -0.8090169429779053,
                        0.1478385329246521,
                        -0.5688896179199219,
                        -454.9937744140625,
                        -0.5877853035926819,
                        -0.20348210632801056,
                        0.7830092906951904,
                        626.2451171875,
                        5.960464477539063e-8,
                        0.967852771282196,
                        0.25151777267456055,
                        201.16207885742188
                    ],
                    "height": 799.792724609375,
                    "position": [
                        -454.9869079589844,
                        626.2357177734375,
                        201.1591796875
                    ],
                    "op": "BO_Add",
                    "rotation": 3.769911289215088,
                    "weightHard": false,
                    "weightScale": [
                        1,
                        1,
                        1
                    ],
                    "mirrored": false,
                    "twinId": 0,
                    "pathable": false,
                    "flooded": false,
                    "mergeable": false,
                    "no_features": false
                },
                {
                    "scale": [
                        1,
                        1,
                        1
                    ],
                    "weight": [
                        1,
                        1,
                        1,
                        1
                    ],
                    "proj": "BP_LongitudePinch",
                    "spec": "/pa/terrain/metal/brushes/metal_structure_06.json",
                    "transform": [
                        -0.633314847946167,
                        0.29920995235443115,
                        -0.7137125730514526,
                        -570.8731079101562,
                        -0.7738942503929138,
                        -0.24485808610916138,
                        0.5840651988983154,
                        467.1728210449219,
                        -1.4901161193847656e-7,
                        0.9222353100776672,
                        0.3866290748119354,
                        309.250732421875
                    ],
                    "height": 799.8640747070312,
                    "position": [
                        -573.1633911132812,
                        469.0470275878906,
                        310.491455078125
                    ],
                    "op": "BO_Add",
                    "rotation": 4.026559829711914,
                    "weightHard": false,
                    "weightScale": [
                        1,
                        1,
                        1
                    ],
                    "mirrored": false,
                    "twinId": 0,
                    "pathable": false,
                    "flooded": false,
                    "mergeable": false,
                    "no_features": false
                },
                {
                    "scale": [
                        1,
                        1,
                        1
                    ],
                    "weight": [
                        1,
                        1,
                        1,
                        1
                    ],
                    "proj": "BP_LongitudePinch",
                    "spec": "/pa/terrain/metal/brushes/metal_structure_06.json",
                    "transform": [
                        -0.9321316480636597,
                        0.1403713822364807,
                        -0.3338059186935425,
                        -267.0050354003906,
                        -0.36211949586868286,
                        -0.36133021116256714,
                        0.8592495918273926,
                        687.2974853515625,
                        -1.1920928955078125e-7,
                        0.9218114018440247,
                        0.38763856887817383,
                        310.0647277832031
                    ],
                    "height": 799.8810424804688,
                    "position": [
                        -267.0451965332031,
                        687.40087890625,
                        310.11126708984375
                    ],
                    "op": "BO_Add",
                    "rotation": 9.795318603515625,
                    "weightHard": false,
                    "weightScale": [
                        1,
                        1,
                        1
                    ],
                    "mirrored": false,
                    "twinId": 0,
                    "pathable": false,
                    "flooded": false,
                    "mergeable": false,
                    "no_features": false
                },
                {
                    "scale": [
                        1,
                        1,
                        1
                    ],
                    "weight": [
                        1,
                        1,
                        1,
                        1
                    ],
                    "proj": "BP_LongitudePinch",
                    "spec": "/pa/terrain/metal/brushes/metal_structure_06.json",
                    "transform": [
                        0.30901700258255005,
                        0.23920759558677673,
                        -0.9204825758934021,
                        -736.1952514648438,
                        -0.9510565400123596,
                        0.0777234137058258,
                        -0.2990829050540924,
                        -239.20433044433594,
                        1.1920928955078125e-7,
                        0.9678527116775513,
                        0.2515178322792053,
                        201.16213989257812
                    ],
                    "height": 799.792724609375,
                    "position": [
                        -736.1842651367188,
                        -239.20077514648438,
                        201.1591796875
                    ],
                    "op": "BO_Add",
                    "rotation": 5.026548385620117,
                    "weightHard": false,
                    "weightScale": [
                        1,
                        1,
                        1
                    ],
                    "mirrored": false,
                    "twinId": 0,
                    "pathable": false,
                    "flooded": false,
                    "mergeable": false,
                    "no_features": false
                },
                {
                    "scale": [
                        1,
                        1,
                        1
                    ],
                    "weight": [
                        1,
                        1,
                        1,
                        1
                    ],
                    "proj": "BP_LongitudePinch",
                    "spec": "/pa/terrain/metal/brushes/metal_structure_06.json",
                    "transform": [
                        0.5403121709823608,
                        0.3253347873687744,
                        -0.7760283350944519,
                        -620.7171630859375,
                        -0.841464638710022,
                        0.2089003622531891,
                        -0.49829497933387756,
                        -398.5682678222656,
                        -1.1920928955078125e-7,
                        0.9222352504730225,
                        0.3866291046142578,
                        309.250732421875
                    ],
                    "height": 799.8640747070312,
                    "position": [
                        -623.2074584960938,
                        -400.1672668457031,
                        310.491455078125
                    ],
                    "op": "BO_Add",
                    "rotation": 5.283196926116943,
                    "weightHard": false,
                    "weightScale": [
                        1,
                        1,
                        1
                    ],
                    "mirrored": false,
                    "twinId": 0,
                    "pathable": false,
                    "flooded": false,
                    "mergeable": false,
                    "no_features": false
                },
                {
                    "scale": [
                        1,
                        1,
                        1
                    ],
                    "weight": [
                        1,
                        1,
                        1,
                        1
                    ],
                    "proj": "BP_LongitudePinch",
                    "spec": "/pa/terrain/metal/brushes/metal_structure_06.json",
                    "transform": [
                        0.05635176599025726,
                        0.3870224356651306,
                        -0.920346736907959,
                        -736.1679077148438,
                        -0.9984109997749329,
                        0.021844465285539627,
                        -0.051945555955171585,
                        -41.55026626586914,
                        3.91155481338501e-7,
                        0.9218115210533142,
                        0.3876384496688843,
